tensor([[[[2.6218e-01, 2.6218e-01, 2.6218e-01, 2.6218e-01, 2.6218e-01,
           2.6218e-01, 2.6218e-01, 2.6218e-01, 2.6218e-01, 2.6218e-01,
           2.6218e-01, 2.6218e-01, 2.6218e-01, 2.6218e-01],
          [2.6218e-01, 2.6218e-01, 2.6218e-01, 2.6218e-01, 2.6218e-01,
           2.6218e-01, 2.6218e-01, 2.6218e-01, 2.6218e-01, 2.6218e-01,
           2.6218e-01, 2.6218e-01, 2.6218e-01, 2.6218e-01],
          [2.6218e-01, 2.6218e-01, 2.6218e-01, 2.6336e-01, 2.7341e-01,
           2.9959e-01, 3.0119e-01, 2.8138e-01, 2.8993e-01, 3.0739e-01,
           2.6218e-01, 2.6218e-01, 2.6218e-01, 2.6218e-01],
          [2.6218e-01, 2.6218e-01, 2.6218e-01, 2.7476e-01, 3.7071e-01,
           1.0916e+00, 1.0432e+00, 8.4365e-01, 1.1653e+00, 7.7718e-01,
           2.6742e-01, 2.6218e-01, 2.6218e-01, 2.6218e-01],
          [2.6218e-01, 2.6218e-01, 2.6218e-01, 2.0822e-01, 1.0648e-01,
           1.5288e+00, 1.6075e+00, 1.3112e+00, 1.8318e+00, 1.4183e+00,
           3.0284e-01, 2.6218e-01, 2.6218e-01, 2.6218e-01],
          [2.6218e-01, 2.6218e-01, 2.6218e-01, 1.2954e-01, 0.0000e+00,
           7.4136e-01, 9.1420e-02, 7.1828e-02, 9.4289e-01, 1.6293e+00,
           3.4942e-01, 2.6218e-01, 2.6218e-01, 2.6218e-01],
          [2.6218e-01, 2.6218e-01, 2.6218e-01, 4.5952e-02, 2.1541e-02,
           1.4816e+00, 4.1247e-01, 0.0000e+00, 5.1199e-01, 1.7626e+00,
           4.4187e-01, 2.6218e-01, 2.6218e-01, 2.6218e-01],
          [2.6218e-01, 2.6218e-01, 2.6218e-01, 2.7508e-02, 8.6029e-03,
           1.2954e+00, 6.5121e-01, 0.0000e+00, 4.0940e-01, 1.7952e+00,
           4.9631e-01, 2.6218e-01, 2.6218e-01, 2.6218e-01],
          [2.6218e-01, 2.6218e-01, 2.6218e-01, 5.0877e-02, 0.0000e+00,
           3.9196e-01, 4.0917e-01, 0.0000e+00, 3.9008e-01, 1.7676e+00,
           5.0263e-01, 2.6218e-01, 2.6218e-01, 2.6218e-01],
          [2.6218e-01, 2.6218e-01, 2.6218e-01, 2.4592e-01, 1.4630e-01,
           2.0795e-01, 2.7291e-01, 0.0000e+00, 3.8894e-01, 1.7668e+00,
           5.0263e-01, 2.6218e-01, 2.6218e-01, 2.6218e-01],
          [2.6218e-01, 2.6218e-01, 2.6218e-01, 2.6218e-01, 2.6218e-01,
           2.6218e-01, 2.6218e-01, 0.0000e+00, 4.0425e-01, 1.8012e+00,
           5.4534e-01, 2.6218e-01, 2.6218e-01, 2.6218e-01],
          [2.6218e-01, 2.6218e-01, 2.6218e-01, 2.6218e-01, 2.6218e-01,
           2.6218e-01, 2.6218e-01, 0.0000e+00, 3.7689e-01, 1.9666e+00,
           6.2635e-01, 2.6218e-01, 2.6218e-01, 2.6218e-01],
          [2.6218e-01, 2.6218e-01, 2.6218e-01, 2.6218e-01, 2.6218e-01,
           2.6218e-01, 2.6218e-01, 0.0000e+00, 1.8533e-01, 1.6917e+00,
           5.9647e-01, 2.6218e-01, 2.6218e-01, 2.6218e-01],
          [2.6218e-01, 2.6218e-01, 2.6218e-01, 2.6218e-01, 2.6218e-01,
           2.6218e-01, 2.6218e-01, 0.0000e+00, 0.0000e+00, 6.2839e-01,
           3.9506e-01, 2.6218e-01, 2.6218e-01, 2.6218e-01]],

         [[1.8450e-03, 1.8450e-03, 1.8450e-03, 1.8450e-03, 1.8450e-03,
           1.8450e-03, 1.8450e-03, 1.8450e-03, 1.8450e-03, 1.8450e-03,
           1.8450e-03, 1.8450e-03, 1.8450e-03, 1.8450e-03],
          [1.8450e-03, 1.8450e-03, 1.8450e-03, 1.8450e-03, 1.8450e-03,
           1.8450e-03, 1.8450e-03, 1.8450e-03, 1.8450e-03, 1.8450e-03,
           1.8450e-03, 1.8450e-03, 1.8450e-03, 1.8450e-03],
          [1.8450e-03, 1.8450e-03, 1.8450e-03, 1.9509e-02, 2.8433e-02,
           9.2250e-04, 9.2250e-04, 3.4437e-02, 9.2250e-04, 9.2250e-04,
           1.8450e-03, 1.8450e-03, 1.8450e-03, 1.8450e-03],
          [1.8450e-03, 1.8450e-03, 1.8450e-03, 1.8523e-01, 6.3371e-01,
           1.7684e-01, 0.0000e+00, 6.6342e-03, 0.0000e+00, 0.0000e+00,
           1.3837e-03, 1.8450e-03, 1.8450e-03, 1.8450e-03],
          [1.8450e-03, 1.8450e-03, 1.8450e-03, 5.0527e-01, 2.0306e+00,
           2.0540e+00, 2.0455e+00, 2.4378e+00, 1.1475e+00, 0.0000e+00,
           9.2250e-04, 1.8450e-03, 1.8450e-03, 1.8450e-03],
          [1.8450e-03, 1.8450e-03, 1.8450e-03, 8.2001e-01, 2.5082e+00,
           1.9244e+00, 2.2255e+00, 3.4385e+00, 2.2376e+00, 3.7107e-02,
           9.2250e-04, 1.8450e-03, 1.8450e-03, 1.8450e-03],
          [1.8450e-03, 1.8450e-03, 1.8450e-03, 9.8987e-01, 2.5051e+00,
           7.4754e-01, 1.4756e-01, 1.7355e+00, 2.0734e+00, 9.2689e-02,
           9.2250e-04, 1.8450e-03, 1.8450e-03, 1.8450e-03],
          [1.8450e-03, 1.8450e-03, 1.8450e-03, 7.6886e-01, 2.3920e+00,
           1.1425e+00, 2.1739e-02, 1.5376e+00, 2.3062e+00, 2.5639e-01,
           9.2250e-04, 1.8450e-03, 1.8450e-03, 1.8450e-03],
          [1.8450e-03, 1.8450e-03, 1.8450e-03, 2.9052e-01, 1.0771e+00,
           6.5228e-01, 5.7528e-02, 1.5382e+00, 2.3240e+00, 2.7789e-01,
           9.2250e-04, 1.8450e-03, 1.8450e-03, 1.8450e-03],
          [1.8450e-03, 1.8450e-03, 1.8450e-03, 8.3666e-03, 4.2796e-02,
           3.3379e-02, 1.3361e-03, 1.5385e+00, 2.3248e+00, 2.7805e-01,
           9.2250e-04, 1.8450e-03, 1.8450e-03, 1.8450e-03],
          [1.8450e-03, 1.8450e-03, 1.8450e-03, 1.8450e-03, 1.8450e-03,
           1.8450e-03, 1.8450e-03, 1.5379e+00, 2.3782e+00, 2.6194e-01,
           9.2250e-04, 1.8450e-03, 1.8450e-03, 1.8450e-03],
          [1.8450e-03, 1.8450e-03, 1.8450e-03, 1.8450e-03, 1.8450e-03,
           1.8450e-03, 1.8450e-03, 1.5388e+00, 2.5811e+00, 3.6201e-01,
           9.2250e-04, 1.8450e-03, 1.8450e-03, 1.8450e-03],
          [1.8450e-03, 1.8450e-03, 1.8450e-03, 1.8450e-03, 1.8450e-03,
           1.8450e-03, 1.8450e-03, 1.3334e+00, 2.8222e+00, 8.7238e-01,
           6.7248e-03, 1.8450e-03, 1.8450e-03, 1.8450e-03],
          [1.8450e-03, 1.8450e-03, 1.8450e-03, 1.8450e-03, 1.8450e-03,
           1.8450e-03, 1.8450e-03, 6.5356e-01, 1.6505e+00, 8.0002e-01,
           4.6562e-02, 1.8450e-03, 1.8450e-03, 1.8450e-03]],

         [[1.9376e-01, 1.9376e-01, 1.9376e-01, 1.9376e-01, 1.9376e-01,
           1.9376e-01, 1.9376e-01, 1.9376e-01, 1.9376e-01, 1.9376e-01,
           1.9376e-01, 1.9376e-01, 1.9376e-01, 1.9376e-01],
          [1.9376e-01, 1.9376e-01, 1.9376e-01, 1.9376e-01, 1.9376e-01,
           1.9376e-01, 1.9376e-01, 1.9376e-01, 1.9376e-01, 1.9376e-01,
           1.9376e-01, 1.9376e-01, 1.9376e-01, 1.9376e-01],
          [1.9376e-01, 1.9376e-01, 1.9376e-01, 1.9414e-01, 1.1170e-01,
           9.6882e-02, 1.1578e-01, 1.1366e-01, 9.6882e-02, 1.2347e-01,
           1.9376e-01, 1.9376e-01, 1.9376e-01, 1.9376e-01],
          [1.9376e-01, 1.9376e-01, 1.9376e-01, 1.4629e-01, 0.0000e+00,
           0.0000e+00, 0.0000e+00, 0.0000e+00, 0.0000e+00, 0.0000e+00,
           1.7682e-01, 1.9376e-01, 1.9376e-01, 1.9376e-01],
          [1.9376e-01, 1.9376e-01, 1.9376e-01, 3.6037e-01, 2.4539e-01,
           2.6998e-01, 5.2867e-01, 5.0576e-01, 0.0000e+00, 0.0000e+00,
           1.4454e-01, 1.9376e-01, 1.9376e-01, 1.9376e-01],
          [1.9376e-01, 1.9376e-01, 1.9376e-01, 6.2422e-01, 8.6892e-01,
           1.9594e+00, 3.5690e+00, 3.6671e+00, 1.0850e+00, 1.0487e-01,
           1.2634e-01, 1.9376e-01, 1.9376e-01, 1.9376e-01],
          [1.9376e-01, 1.9376e-01, 1.9376e-01, 9.1903e-01, 8.2103e-01,
           5.1231e-01, 1.0878e+00, 2.0532e+00, 4.4466e-01, 2.5212e-02,
           1.0087e-01, 1.9376e-01, 1.9376e-01, 1.9376e-01],
          [1.9376e-01, 1.9376e-01, 1.9376e-01, 1.0894e+00, 1.7873e+00,
           1.2539e+00, 4.6830e-01, 1.2425e+00, 3.4756e-01, 1.9090e-01,
           1.9426e-01, 1.9376e-01, 1.9376e-01, 1.9376e-01],
          [1.9376e-01, 1.9376e-01, 1.9376e-01, 7.8618e-01, 1.8785e+00,
           1.5461e+00, 5.5499e-01, 1.2412e+00, 4.0956e-01, 2.6228e-01,
           2.2599e-01, 1.9376e-01, 1.9376e-01, 1.9376e-01],
          [1.9376e-01, 1.9376e-01, 1.9376e-01, 2.1275e-01, 3.5530e-01,
           3.5337e-01, 2.5541e-01, 1.2443e+00, 4.1448e-01, 2.6461e-01,
           2.2599e-01, 1.9376e-01, 1.9376e-01, 1.9376e-01],
          [1.9376e-01, 1.9376e-01, 1.9376e-01, 1.9376e-01, 1.9376e-01,
           1.9376e-01, 1.9376e-01, 1.2406e+00, 3.5701e-01, 9.9650e-02,
           1.3781e-01, 1.9376e-01, 1.9376e-01, 1.9376e-01],
          [1.9376e-01, 1.9376e-01, 1.9376e-01, 1.9376e-01, 1.9376e-01,
           1.9376e-01, 1.9376e-01, 1.2433e+00, 3.8736e-01, 6.0555e-02,
           1.2782e-01, 1.9376e-01, 1.9376e-01, 1.9376e-01],
          [1.9376e-01, 1.9376e-01, 1.9376e-01, 1.9376e-01, 1.9376e-01,
           1.9376e-01, 1.9376e-01, 1.4431e+00, 1.5682e+00, 1.0367e+00,
           4.0440e-01, 1.9376e-01, 1.9376e-01, 1.9376e-01],
          [1.9376e-01, 1.9376e-01, 1.9376e-01, 1.9376e-01, 1.9376e-01,
           1.9376e-01, 1.9376e-01, 1.3551e+00, 2.3817e+00, 1.8468e+00,
           5.0965e-01, 1.9376e-01, 1.9376e-01, 1.9376e-01]],

         [[5.2710e-01, 5.2710e-01, 5.2710e-01, 5.2710e-01, 5.2710e-01,
           5.2710e-01, 5.2710e-01, 5.2710e-01, 5.2710e-01, 5.2710e-01,
           5.2710e-01, 5.2710e-01, 5.2710e-01, 5.2710e-01],
          [5.2710e-01, 5.2710e-01, 5.2710e-01, 5.2710e-01, 5.2710e-01,
           5.2710e-01, 5.2710e-01, 5.2710e-01, 5.2710e-01, 5.2710e-01,
           5.2710e-01, 5.2710e-01, 5.2710e-01, 5.2710e-01],
          [5.2710e-01, 5.2710e-01, 5.2710e-01, 5.2079e-01, 4.8542e-01,
           5.0166e-01, 5.3369e-01, 4.8985e-01, 4.9051e-01, 5.4315e-01,
           5.2710e-01, 5.2710e-01, 5.2710e-01, 5.2710e-01],
          [5.2710e-01, 5.2710e-01, 5.2710e-01, 3.5880e-01, 3.9833e-02,
           6.0282e-03, 1.0519e-01, 1.2789e-02, 3.4078e-02, 3.1859e-01,
           5.2896e-01, 5.2710e-01, 5.2710e-01, 5.2710e-01],
          [5.2710e-01, 5.2710e-01, 5.2710e-01, 2.3153e-01, 0.0000e+00,
           0.0000e+00, 0.0000e+00, 0.0000e+00, 0.0000e+00, 2.7163e-02,
           5.0367e-01, 5.2710e-01, 5.2710e-01, 5.2710e-01],
          [5.2710e-01, 5.2710e-01, 5.2710e-01, 1.3993e-01, 0.0000e+00,
           0.0000e+00, 2.8886e-01, 8.3081e-02, 0.0000e+00, 0.0000e+00,
           4.7976e-01, 5.2710e-01, 5.2710e-01, 5.2710e-01],
          [5.2710e-01, 5.2710e-01, 5.2710e-01, 1.5361e-01, 0.0000e+00,
           0.0000e+00, 4.5262e-01, 1.8387e-01, 0.0000e+00, 0.0000e+00,
           4.1087e-01, 5.2710e-01, 5.2710e-01, 5.2710e-01],
          [5.2710e-01, 5.2710e-01, 5.2710e-01, 3.2209e-01, 1.1895e-01,
           1.9734e-02, 2.4788e-01, 4.0829e-02, 0.0000e+00, 0.0000e+00,
           3.6176e-01, 5.2710e-01, 5.2710e-01, 5.2710e-01],
          [5.2710e-01, 5.2710e-01, 5.2710e-01, 6.2668e-01, 6.3069e-01,
           6.9469e-01, 4.7337e-01, 4.0129e-02, 0.0000e+00, 0.0000e+00,
           3.7551e-01, 5.2710e-01, 5.2710e-01, 5.2710e-01],
          [5.2710e-01, 5.2710e-01, 5.2710e-01, 5.3796e-01, 5.7564e-01,
           5.7647e-01, 5.5479e-01, 4.0685e-02, 0.0000e+00, 0.0000e+00,
           3.7551e-01, 5.2710e-01, 5.2710e-01, 5.2710e-01],
          [5.2710e-01, 5.2710e-01, 5.2710e-01, 5.2710e-01, 5.2710e-01,
           5.2710e-01, 5.2710e-01, 4.0247e-02, 0.0000e+00, 0.0000e+00,
           3.7105e-01, 5.2710e-01, 5.2710e-01, 5.2710e-01],
          [5.2710e-01, 5.2710e-01, 5.2710e-01, 5.2710e-01, 5.2710e-01,
           5.2710e-01, 5.2710e-01, 4.0257e-02, 0.0000e+00, 0.0000e+00,
           2.8493e-01, 5.2710e-01, 5.2710e-01, 5.2710e-01],
          [5.2710e-01, 5.2710e-01, 5.2710e-01, 5.2710e-01, 5.2710e-01,
           5.2710e-01, 5.2710e-01, 1.3524e-01, 0.0000e+00, 0.0000e+00,
           2.7100e-01, 5.2710e-01, 5.2710e-01, 5.2710e-01],
          [5.2710e-01, 5.2710e-01, 5.2710e-01, 5.2710e-01, 5.2710e-01,
           5.2710e-01, 5.2710e-01, 5.8658e-01, 6.6230e-01, 5.2588e-01,
           4.6548e-01, 5.2710e-01, 5.2710e-01, 5.2710e-01]],

         [[0.0000e+00, 0.0000e+00, 0.0000e+00, 0.0000e+00, 0.0000e+00,
           0.0000e+00, 0.0000e+00, 0.0000e+00, 0.0000e+00, 0.0000e+00,
           0.0000e+00, 0.0000e+00, 0.0000e+00, 0.0000e+00],
          [0.0000e+00, 0.0000e+00, 0.0000e+00, 0.0000e+00, 0.0000e+00,
           0.0000e+00, 0.0000e+00, 0.0000e+00, 0.0000e+00, 0.0000e+00,
           0.0000e+00, 0.0000e+00, 0.0000e+00, 0.0000e+00],
          [0.0000e+00, 0.0000e+00, 0.0000e+00, 2.8583e-03, 0.0000e+00,
           0.0000e+00, 0.0000e+00, 0.0000e+00, 0.0000e+00, 0.0000e+00,
           0.0000e+00, 0.0000e+00, 0.0000e+00, 0.0000e+00],
          [0.0000e+00, 0.0000e+00, 0.0000e+00, 3.9322e-02, 0.0000e+00,
           0.0000e+00, 0.0000e+00, 0.0000e+00, 0.0000e+00, 0.0000e+00,
           0.0000e+00, 0.0000e+00, 0.0000e+00, 0.0000e+00],
          [0.0000e+00, 0.0000e+00, 0.0000e+00, 2.1901e-01, 2.0375e-01,
           1.5777e-01, 1.6061e-01, 9.5805e-02, 0.0000e+00, 0.0000e+00,
           0.0000e+00, 0.0000e+00, 0.0000e+00, 0.0000e+00],
          [0.0000e+00, 0.0000e+00, 0.0000e+00, 3.4260e-01, 3.7477e-01,
           4.9982e-01, 1.5534e+00, 1.8038e+00, 9.8315e-02, 0.0000e+00,
           0.0000e+00, 0.0000e+00, 0.0000e+00, 0.0000e+00],
          [0.0000e+00, 0.0000e+00, 0.0000e+00, 5.2549e-01, 3.9410e-01,
           0.0000e+00, 1.4480e-01, 1.0006e+00, 1.2442e-01, 0.0000e+00,
           0.0000e+00, 0.0000e+00, 0.0000e+00, 0.0000e+00],
          [0.0000e+00, 0.0000e+00, 0.0000e+00, 5.9258e-01, 1.0634e+00,
           1.3140e-01, 0.0000e+00, 7.5284e-01, 1.5021e-01, 0.0000e+00,
           0.0000e+00, 0.0000e+00, 0.0000e+00, 0.0000e+00],
          [0.0000e+00, 0.0000e+00, 0.0000e+00, 2.5859e-01, 9.4192e-01,
           4.8800e-01, 3.2808e-02, 7.5278e-01, 1.5624e-01, 0.0000e+00,
           0.0000e+00, 0.0000e+00, 0.0000e+00, 0.0000e+00],
          [0.0000e+00, 0.0000e+00, 0.0000e+00, 2.6608e-03, 6.6467e-02,
           2.2156e-02, 2.0767e-02, 7.5402e-01, 1.5792e-01, 0.0000e+00,
           0.0000e+00, 0.0000e+00, 0.0000e+00, 0.0000e+00],
          [0.0000e+00, 0.0000e+00, 0.0000e+00, 0.0000e+00, 0.0000e+00,
           0.0000e+00, 0.0000e+00, 7.5203e-01, 1.5874e-01, 0.0000e+00,
           0.0000e+00, 0.0000e+00, 0.0000e+00, 0.0000e+00],
          [0.0000e+00, 0.0000e+00, 0.0000e+00, 0.0000e+00, 0.0000e+00,
           0.0000e+00, 0.0000e+00, 7.5418e-01, 2.2605e-01, 0.0000e+00,
           0.0000e+00, 0.0000e+00, 0.0000e+00, 0.0000e+00],
          [0.0000e+00, 0.0000e+00, 0.0000e+00, 0.0000e+00, 0.0000e+00,
           0.0000e+00, 0.0000e+00, 8.8380e-01, 8.0304e-01, 2.7026e-02,
           0.0000e+00, 0.0000e+00, 0.0000e+00, 0.0000e+00],
          [0.0000e+00, 0.0000e+00, 0.0000e+00, 0.0000e+00, 0.0000e+00,
           0.0000e+00, 0.0000e+00, 6.3305e-01, 1.2778e+00, 4.7651e-01,
           2.6307e-02, 0.0000e+00, 0.0000e+00, 0.0000e+00]],

         [[3.2144e-02, 3.2144e-02, 3.2144e-02, 3.2144e-02, 3.2144e-02,
           3.2144e-02, 3.2144e-02, 3.2144e-02, 3.2144e-02, 3.2144e-02,
           3.2144e-02, 3.2144e-02, 3.2144e-02, 3.2144e-02],
          [3.2144e-02, 3.2144e-02, 3.2144e-02, 3.2144e-02, 3.2144e-02,
           3.2144e-02, 3.2144e-02, 3.2144e-02, 3.2144e-02, 3.2144e-02,
           3.2144e-02, 3.2144e-02, 3.2144e-02, 3.2144e-02],
          [3.2144e-02, 3.2144e-02, 3.2144e-02, 2.4108e-02, 1.6072e-02,
           3.3186e-02, 1.6072e-02, 1.6072e-02, 5.4023e-02, 1.8230e-02,
           3.2144e-02, 3.2144e-02, 3.2144e-02, 3.2144e-02],
          [3.2144e-02, 3.2144e-02, 3.2144e-02, 1.6072e-02, 2.4752e-01,
           7.8005e-01, 2.9210e-01, 5.4085e-01, 1.2764e+00, 3.5402e-01,
           2.7585e-02, 3.2144e-02, 3.2144e-02, 3.2144e-02],
          [3.2144e-02, 3.2144e-02, 3.2144e-02, 4.4384e-02, 3.2871e+00,
           6.4032e+00, 5.5494e+00, 6.2248e+00, 5.6170e+00, 1.6811e+00,
           5.4517e-02, 3.2144e-02, 3.2144e-02, 3.2144e-02],
          [3.2144e-02, 3.2144e-02, 3.2144e-02, 3.6133e-01, 4.9279e+00,
           7.2351e+00, 5.8936e+00, 6.4439e+00, 6.5811e+00, 2.3326e+00,
           9.2306e-02, 3.2144e-02, 3.2144e-02, 3.2144e-02],
          [3.2144e-02, 3.2144e-02, 3.2144e-02, 7.3416e-01, 5.1971e+00,
           4.8309e+00, 1.2478e+00, 2.0432e+00, 5.4743e+00, 2.7866e+00,
           1.7749e-01, 3.2144e-02, 3.2144e-02, 3.2144e-02],
          [3.2144e-02, 3.2144e-02, 3.2144e-02, 1.0386e+00, 5.2506e+00,
           4.2959e+00, 5.7010e-01, 1.3613e+00, 5.9300e+00, 3.3721e+00,
           2.7710e-01, 3.2144e-02, 3.2144e-02, 3.2144e-02],
          [3.2144e-02, 3.2144e-02, 3.2144e-02, 4.2947e-01, 2.5766e+00,
           1.7823e+00, 2.2180e-01, 1.3630e+00, 5.9926e+00, 3.4319e+00,
           2.6061e-01, 3.2144e-02, 3.2144e-02, 3.2144e-02],
          [3.2144e-02, 3.2144e-02, 3.2144e-02, 3.5877e-02, 1.8185e-01,
           1.3725e-01, 2.1833e-02, 1.3642e+00, 5.9928e+00, 3.4305e+00,
           2.6061e-01, 3.2144e-02, 3.2144e-02, 3.2144e-02],
          [3.2144e-02, 3.2144e-02, 3.2144e-02, 3.2144e-02, 3.2144e-02,
           3.2144e-02, 3.2144e-02, 1.3604e+00, 5.8657e+00, 3.5060e+00,
           2.4903e-01, 3.2144e-02, 3.2144e-02, 3.2144e-02],
          [3.2144e-02, 3.2144e-02, 3.2144e-02, 3.2144e-02, 3.2144e-02,
           3.2144e-02, 3.2144e-02, 1.3649e+00, 6.1233e+00, 4.0768e+00,
           3.8249e-01, 3.2144e-02, 3.2144e-02, 3.2144e-02],
          [3.2144e-02, 3.2144e-02, 3.2144e-02, 3.2144e-02, 3.2144e-02,
           3.2144e-02, 3.2144e-02, 1.7717e+00, 6.6002e+00, 4.4084e+00,
           4.6074e-01, 3.2144e-02, 3.2144e-02, 3.2144e-02],
          [3.2144e-02, 3.2144e-02, 3.2144e-02, 3.2144e-02, 3.2144e-02,
           3.2144e-02, 3.2144e-02, 1.0919e+00, 4.0035e+00, 2.2253e+00,
           1.8906e-01, 3.2144e-02, 3.2144e-02, 3.2144e-02]]]], device='cuda:0')