0000
0000
0000
0000
0000
0000
0000
0000
0000
0000
0000
0000
0000
0000
b53f
b90f
b723
a9fc
3551
2cac
ab78
0000
0000
0000
0000
0000
0000
22cf
0000
0000
0000
0000
0000
0000
0000
0000
0000
0000
0000
0000
0000
0000
b1f0
2eec
3b25
3f1e
3f12
3b38
3067
0000
0000
0000
0000
0000
0000
22cf
0000
0000
0000
0000
0000
0000
0000
0000
0000
0000
0000
0000
0000
0000
3239
3bbd
41c6
4437
43e5
405a
3815
0000
0000
0000
0000
0000
0000
22cf
0000
0000
0000
0000
0000
0000
0000
0000
0000
0000
0000
0000
0000
0000
3546
3f0a
443d
4633
4588
4202
39dd
0000
0000
0000
0000
0000
0000
22cf
0000
0000
0000
0000
0000
0000
0000
0000
0000
0000
0000
0000
0000
0000
365b
3ff0
44ce
46cc
45d1
424f
3a3b
0000
0000
0000
0000
0000
0000
22cf
0000
0000
0000
0000
0000
0000
0000
0000
0000
0000
0000
0000
0000
0000
3662
3ff3
44b6
469f
4596
41df
39c4
0000
0000
0000
0000
0000
0000
22cf
0000
0000
0000
0000
0000
0000
0000
0000
0000
0000
0000
0000
0000
0000
365c
3ff4
4491
464f
4531
4136
38a5
0000
0000
0000
0000
0000
0000
22cf
0000
0000
0000
0000
0000
0000
0000
0000
0000
0000
0000
0000
0000
0000
365c
3ff0
4481
4609
44da
408f
375e
0000
0000
0000
0000
0000
0000
22cf
0000
0000
0000
0000
0000
0000
0000
0000
0000
0000
0000
0000
0000
0000
3654
3fec
447a
45f7
44b6
4050
3701
0000
0000
0000
0000
0000
0000
22cf
0000
0000
0000
0000
0000
0000
0000
abeb
b48c
b413
a9f5
aeec
ab77
9c3d
365b
3ff0
447b
45f8
44b7
4050
3701
0000
0000
0000
0000
0000
0000
22cf
0000
0000
0000
0000
0000
0000
af8b
b736
b934
b47d
2a68
2893
aae8
9d47
3662
3ff3
447c
45f9
44b7
4051
3701
0000
0000
0000
0000
0000
0000
22cf
0000
0000
0000
0000
0000
0000
b041
b503
2430
39ea
3cbc
39d7
318c
20ef
365c
3ff4
447c
45f9
44b8
4051
3701
0000
0000
0000
0000
0000
0000
22cf
0000
0000
0000
0000
0000
0000
2698
34f6
3d36
4162
41fd
3fbf
38da
2917
365c
3ff0
447b
45f7
44b7
4050
3701
0000
0000
0000
0000
0000
0000
22cf
0000
0000
0000
0000
0000
0000
3003
3aaf
4129
4482
44cb
4217
3b28
2b96
3654
3fec
449b
461b
44b6
406c
377b
0000
0000
0000
0000
0000
0000
22cf
0000
0000
0000
0000
0000
0000
3185
3c6b
4267
4566
4595
42b7
3ae2
ac4a
34fe
3fc7
4492
4607
449c
4026
3757
0000
0000
0000
0000
0000
0000
22cf
0000
0000
0000
0000
0000
0000
3384
3cd2
4298
456d
454e
41ad
32e1
ba1e
ae96
3f64
4449
45b7
4443
3f42
35c1
0000
0000
0000
0000
0000
0000
22cf
0000
0000
0000
0000
0000
0000
353f
3d1f
4284
4535
4511
41f1
3a1f
3176
3c03
4199
44cb
457e
43bf
3dbb
323d
0000
0000
0000
0000
0000
0000
22cf
0000
0000
0000
0000
0000
0000
33b5
3c71
4212
452c
45c0
447e
424b
41e2
4328
44f2
460a
45bc
4358
3cf2
30a6
0000
0000
0000
0000
0000
0000
22cf
0000
0000
0000
0000
0000
0000
2d5d
3bec
41e8
459b
4740
46fc
465f
4685
46d9
476e
4799
460e
430a
3c94
3016
0000
0000
0000
0000
0000
0000
22cf
0000
0000
0000
0000
0000
0000
267a
3ac7
41cb
4573
4761
47a7
471d
4737
479b
47f0
476a
45b4
4214
3b67
2d13
0000
0000
0000
0000
0000
0000
22cf
0000
0000
0000
0000
0000
0000
0000
37c9
4024
43ed
4587
4591
44ea
449c
451d
4596
4583
4418
4036
37e1
231b
0000
0000
0000
0000
0000
0000
22cf
0000
0000
0000
0000
0000
0000
0000
3170
3b51
4016
417d
4126
3f8c
3dd7
3efc
4116
4167
405e
3bfd
308b
0000
0000
0000
0000
0000
0000
0000
22cf
0000
0000
0000
0000
0000
0000
0000
299d
3269
37ca
3983
381d
324f
2d4d
323a
378b
39de
38cb
31d4
2495
0000
0000
0000
0000
0000
0000
0000
22cf
0000
0000
0000
0000
0000
0000
0000
0000
0000
0000
0000
0000
0000
0000
0000
0000
0000
0000
0000
0000
0000
0000
0000
0000
0000
0000
0000
22cf
0000
0000
0000
0000
0000
0000
0000
0000
0000
0000
0000
0000
0000
0000
0000
0000
0000
0000
0000
0000
0000
0000
0000
0000
0000
0000
0000
22cf
0000
0000
0000
0000
0000
0000
0000
0000
0000
0000
0000
0000
0000
0000
0000
0000
0000
0000
0000
0000
0000
0000
0000
0000
0000
0000
0000
22cf
0000
0000
0000
0000
0000
0000
0000
0000
0000
0000
0000
0000
0000
0000
0000
0000
0000
0000
0000
0000
0000
0000
0000
0000
0000
0000
0000
22cf
0000
0000
0000
0000
0000
0000
0000
0000
0000
0000
0000
0000
0000
0000
0000
0000
0000
0000
0000
0000
0000
0000
0000
0000
0000
0000
0000
22cf