0
0
0
0
0
0
0
0
0
0
0
0
0
0
0
0
0
0
0
0
0
0
0
0
0
0
0
0
0
0
0
0
0
0
0
0
0
0
0
0
0
0
0
0
0
0
0
0
0
0
0
0
0
0
0
0
0
0
0
0
0
0
0
0
0
0
0
0
0
0
0
0
0
0
0
0
0
0
0
0
0
0
0
0
0
0
0
0
0
0
0
0
0
0
0
0
0
0
0
0
0
0
0
0
0
0
0
0
0
0
0
0
0
0
0
0
0
0
0
0
0
0
0
0
0
0
0
0
0
0
0
0
0
0
0
0
0
0
0
0
0
0
0
0
0
0
0
0
0
0
0
0
0
0
0
0
0
0
0
0
0
0
0
0
0
0
0
0
0
0
0
0
0
0
0
0
0
0
0
0
0
0
0
0
0
0
0
0
0
0
0
0
0
0
0
0
0
0
0
0
0
0
31a6
3798
3798
3ae7
3bf8
3bf8
3bc0
3798
37a8
3464
0
0
0
0
0
0
0
0
0
0
0
0
0
0
0
0
0
0
0
0
0
0
3aef
3bf0
3bf0
3bf0
3bf0
3bf0
3bf0
3bf0
3bf8
3bc8
3525
0
0
0
0
0
0
0
0
0
0
0
0
0
0
0
0
0
0
0
0
3616
3be0
3bf0
3bf0
3bf0
3bf0
3bf0
3bf0
3bf0
3bf8
3bf0
3ba8
3085
0
0
0
0
0
0
0
0
0
0
0
0
0
0
0
0
0
0
0
36c7
3bf0
3bf0
3bf0
3bf0
3bf0
3bf0
3bf0
3bf0
3bf8
3bf0
3bf0
3525
0
0
0
0
0
0
0
0
0
0
0
0
0
0
0
0
0
0
0
2dc6
3b4f
3b47
39d6
38f5
32a6
32a6
3814
39d6
3bf8
3bf0
3bf0
384c
0
0
0
0
0
0
0
0
0
0
0
0
0
0
0
0
0
0
0
0
3388
31a6
0
0
0
0
220b
37d8
3bf8
3bf0
3bf0
30e5
0
0
0
0
0
0
0
0
0
0
0
0
0
0
0
0
0
0
0
0
0
0
0
0
0
0
36a7
3bf0
3bf8
3bf0
3b77
3024
0
0
0
0
0
0
0
0
0
0
0
0
0
0
0
0
0
0
0
0
0
0
0
0
0
2c85
3ab7
3bf0
3bf8
3bf0
34b5
0
0
0
0
0
0
0
0
0
0
0
0
0
0
0
0
0
0
0
0
0
0
0
0
0
220b
36e7
3bf0
3bf0
3bf8
39fe
2984
0
0
0
0
0
0
0
0
0
0
0
0
0
0
0
0
0
0
0
0
0
0
0
0
0
3125
3bf0
3bf0
3bf0
3bf8
34c5
0
0
0
0
0
0
0
0
0
0
0
0
0
0
0
0
0
0
0
0
0
0
0
0
0
2e87
3aaf
3bf8
3bf8
3bf8
3834
0
0
0
0
0
0
0
0
0
0
0
0
0
0
0
0
0
0
0
0
0
0
0
0
0
2f47
3a8f
3bf0
3bf0
3bf0
3a26
270a
0
0
0
0
0
0
0
0
0
0
0
0
0
0
0
0
0
0
0
0
0
0
0
0
2f87
3a7f
3bf0
3bf0
3bf0
39fe
2a87
0
0
0
0
0
0
0
0
0
0
0
0
0
0
0
0
0
0
0
0
0
0
0
0
0
3515
3bf0
3bf0
3bf0
3bb0
3495
0
0
0
0
2e87
3515
36d7
37b8
2f87
0
0
0
0
0
0
0
0
0
0
0
0
0
0
0
0
36f7
3acf
3bf0
3bf0
3ba0
3606
0
0
0
3404
3757
3acf
3bf0
3bf0
3bf0
3a3e
0
0
0
0
0
0
0
0
0
0
0
0
0
0
0
0
3b27
3bf0
3bf0
3bf0
3ba0
39de
39de
39de
39e6
3bd8
3bf0
3bf0
3bf0
3bf0
3a1e
3368
0
0
0
0
0
0
0
0
0
0
0
0
0
0
0
0
3b27
3bf0
3bf0
3bf0
3bf0
3bf0
3bf0
3bf0
3c00
3bf0
3bf0
3b88
3aaf
3727
2e46
0
0
0
0
0
0
0
0
0
0
0
0
0
0
0
0
0
3b27
3bf0
3bf0
3bf0
3bf0
3bf0
3bf0
3bf0
3c00
3bf0
399e
3404
0
0
0
0
0
0
0
0
0
0
0
0
0
0
0
0
0
0
0
0
3b27
3bf0
3bf0
3bf0
3bf0
3bf0
3bf0
3bf0
3b90
3717
2984
0
0
0
0
0
0
0
0
0
0
0
0
0
0
0
0
0
0
0
0
0
38ed
3bf0
3bf0
3bf0
3bf0
3bf0
397e
3788
0
0
0
0
0
0
0
0
0
0
0
0
0
0
0
0
0
0
0
0
0
0
0
0
0
0
0
0
0
0
0
0
0
0
0
0
0
0
0
0
0
0
0
0
0
0
0
0
0
0
0
0
0
0
0
0
0
0
0
0
0
0
0
0
0
0
0
0
0
0
0
0
0
0
0
0
0
0
0
0
0
0
0
0
0
0
0
0
0
0
0
0
0
0
0
0
0
0
0
0
0
0
0
0
0
0
0
0
0
0
0
0
0
0
0
0
0
0
0
0
0
0
0
0
0
0
0
0
0
0
0
0
0
0
0
0
0
0
0
0
0
0
0
0
0
0
0
0
0
0
0
0
0
0
0
0
0
0
0
0
0
0
0
0
0
0
0
0
0
0
0
0
0
0
0
0
0
0
0
0
0
0
0
0
0
0
0
0
0
0
0
0
0
0
0
0
0
0
0
0
0
0
0
0
0
0
