0
0
37b3
3c36
3e3c
3f0a
3d5d
3af5
38a9
334a
0
0
0
0
0
0
0
0
0
1d1b
3038
3650
0
0
0
0
0
0
0
2d17
38e9
405a
4420
4716
48e5
4839
4468
3e8c
3ad0
332b
2cf6
0
0
0
0
0
0
0
0
2cd2
3b01
3d8c
0
0
0
0
0
0
0
31ca
32d0
3e4b
3f17
3673
0
1ffe
0
0
0
337f
0
0
0
0
0
0
0
0
0
3380
0
0
0
0
0
0
0
0
0
0
2040
0
0
0
0
0
0
0
0
0
3ccb
3c91
0
0
0
0
0
384a
3b1c
394c
3ee8
3ded
0
0
0
0
0
3575
3c89
3aa9
4049
404c
34e1
0
3df8
2d07
0
0
3d2e
3bfb
4094
40c9
3b8a
3d4b
43c5
4044
0
0
3b39
3c50
3e76
3f52
3b00
3206
4264
417b
0
0
0
3c07
3c06
401a
3f07
0
4012
4113
0
0
0
3bfa
3637
3e97
40cd
3952
3cee
3fe3
0
0
0
3b6f
0
3921
3f6b
3c00
3cfb
3ed6
0
0
0
3aef
32ce
3772
3c61
3c1c
3fac
4031
0
0
0
3bb9
384c
3857
38b9
3a16
3f75
4110
3859
0
0
3c60
3ce2
415b
42d2
4109
3d60
3561
0
0
0
3418
4068
4475
44d9
4221
411f
3f8c
0
0
3588
38aa
3ff3
4022
3005
0
3948
4457
4452
411d
4025
3c2b
3d23
0
0
0
0
414d
421f
3d2b
3e8f
3cba
386c
0
0
0
3bfc
3477
0
0
395f
3d5e
0
0
0
387f
411e
341f
0
0
38dd
3de8
0
0
0
0
3baf
2df8
0
0
3929
3da2
3958
3691
0
0
25b8
0
0
0
3429
3cd0
3894
38b6
36a4
349d
3b93
3510
0
0
2af3
3ce7
36be
36c2
36db
3938
3aa6
0
0
0
3e0e
3fc9
0
0
3439
407b
3f94
3ddf
3f4f
1ef8
0
0
0
0
0
4061
4096
4279
4503
4031
0
0
0
0
0
0
0
0
42c3
4453
0
0
0
0
0
0
0
0
3b7a
4594
38c3
0
0
0
0
41b6
0
0
3c68
4648
3ebc
0
0
0
0
3d59
39c6
0
3ab2
45cc
3f9a
0
0
0
0
0
0
0
0
4520
3fba
0
3a7b
3a16
0
0
0
0
0
457b
406a
0
2f3a
31b9
0
0
0
0
31ff
4653
4192
0
0
0
0
0
0
0
0
4551
4318
0
390a
39c5
0
0
0
0
0
0
0
3572
3c38
4119
4108
3568
0
0
0
0
0
2c85
38e0
4099
4311
44a0
481e
47ec
3c30
0
0
0
0
3cbc
31e7
0
4140
47ee
4515
1681
0
0
0
39e8
3afd
0
0
0
3e58
0
0
0
0
0
4141
3e30
0
0
0
0
0
0
0
0
0
3998
0
3cb8
349c
0
0
0
0
0
0
0
0
3c8a
3284
0
0
0
0
0
0
0
0
3d45
3691
0
0
0
2e98
2ce0
2944
0
0
4160
4397
3aa0
0
0
0
0
3731
30fa
0
3e18
393e
0
0
2985
0
0
4051
0
0
0
0
0
0
37a5
0
42b2
42e8
0
0
0
0
0
3e6f
3d4a
0
4617
3fad
0
0
3bb2
0
0
41ca
4014
3c80
4761
0
0
0
4524
0
0
3f7c
40d5
4051
45f1
0
0
42f2
485f
0
0
3cc3
41ac
3fd4
4316
0
0
4470
48a7
0
0
3d5c
4233
3c31
3fcb
0
0
41f6
47b1
0
0
3ce5
4222
33aa
3a17
0
0
4019
46fb
0
0
3745
41e1
0
0
0
0
412f
4710
0
0
2df8
425e
3c0e
3ee1
403a
4004
3e5a
3ce9
38d4
348e
36cc
391f
3c7d
40b9
43af
44d1
45b8
45e1
4474
4263
3ed1
3b35
3743
3ba9
3faa
42c9
4607
47fa
46ed
4546
41ce
3cdc
0
0
0
0
0
3b59
40b0
4230
4141
3d73
0
0
0
0
0
0
0
0
3e08
3d92
0
0
0
0
0
0
0
0
3c8a
3db8
0
0
0
0
0
0
0
0
3c15
3d39
2d4f
0
0
0
0
0
0
0
38d1
3c65
3a38
366b
0
0
0
0
0
0
3c15
3d63
39a2
39a9
391e
298d
0
0
0
0
4077
3ff5
0
3ab8
3f47
3f55
40f2
40f5
3c39
33b4
2eac
200d
3902
4291
441b
4336
4446
4209
3596
0
3090
280a
3f87
450b
4362
3dec
3db6
3952
0
31ac
39ec
31e5
3c89
3d2a
0
0
0
3d56
3c64
3fbc
3f5e
380e
217c
0
0
0
0
3c19
0
3c98
3fc4
39a5
0
0
0
0
39c2
3899
0
0
3ecc
3ae1
0
0
0
0
3dc1
3848
0
0
3f67
3bee
0
0
0
0
0
0
0
0
3f6b
3c08
0
0
0
0
0
0
0
0
3f6c
3bf9
0
0
0
0
0
0
0
0
3f15
3c0a
27f2
0
35d9
3d4d
41bb
435e
437c
42b6
3fd0
3a21
0
0
0
35c8
3fde
426a
4443
440f
40a3
3a9e
0
0
0
0
0
0
0
0
0
34de
0
0
0
0
0
0
0
0
0
3069
0
0
0
0
0
3c5b
40e7
3ac9
0
0
0
0
0
0
0
0
40b7
3cdf
0
0
0
0
4003
3d6e
0
0
3975
39e4
0
0
2843
3cc8
4228
41d7
0
0
3a57
3c39
0
0
38dd
3bc4
3dce
3b07
0
0
3984
3d5f
3180
2d48
385c
3888
38b4
0
0
0
0
0
0
0
0
0
0
3685
0
0
3c2e
0
0
0
0
0
0
396c
0
0
4019
0
0
0
0
0
398a
4122
0
0
41b6
0
0
0
0
0
4348
43d7
0
0
4198
0
0
0
0
0
4518
4187
0
0
445f
0
0
0
0
0
44a4
36fb
0
0
467b
3e85
0
0
0
0
40b7
0
0
0
475d
3f90
0
0
0
0
2f00
0
0
0
4791
3fea
0
0
0
0
0
0
0
0
4774
4026
0
0
0
0
0
0
0
0
46cc
3e0d
0
0
405c
4480
43d6
40cf
40e6
3bf8
0
0
3db8
3b99
3f5c
4015
0
0
0
0
0
0
3e7c
3d49
0
0
0
0
0
0
0
0
410b
3fc6
0
0
0
0
0
0
0
0
4401
416a
0
0
0
0
3e4b
3feb
0
0
44d6
42b5
0
0
0
0
423e
3ff7
0
0
44c5
4398
3cdb
3c42
0
0
42f2
3928
0
0
44c1
4424
4037
40a0
3426
38f2
41dd
0
0
0
44e7
446b
3b92
3b9c
380a
3a68
3d9f
0
0
0
4473
4469
3820
3818
37f1
237c
0
0
0
0
4360
4404
39d2
3fd1
4268
44ea
468e
4671
453b
4389
3f25
36e0
3d9e
431b
4571
470b
4765
4619
4495
41e9
3c7f
35fc
3b80
39d7
0
0
0
0
0
0
0
0
2d7a
0
0
0
0
0
0
0
0
0
0
0
0
0
0
0
0
0
0
0
0
0
0
0
0
0
0
0
0
0
0
0
0
0
0
0
0
0
0
0
36f9
3b5c
0
0
0
0
0
0
0
0
36a1
3824
0
0
0
388b
0
0
0
0
226e
2654
0
3364
0
0
0
0
0
0
3a4b
3a46
0
0
0
0
0
0
0
0
38fe
0
0
0
0
0
0
0
0
0
0
0
0
0
3f5b
42f9
442b
419b
34ed
0
0
0
0
4075
426f
3fda
3c0b
3cb2
0
0
0
0
395a
3d9c
0
0
0
0
0
0
0
3777
4022
3daa
0
0
0
0
0
0
29a5
3b27
37aa
0
0
0
0
0
0
0
3413
0
0
0
0
0
0
0
0
0
1db5
0
0
0
0
0
0
0
0
0
1ffd
0
0
0
0
0
0
3b43
3bee
3807
2edc
3c73
402f
3db4
3992
39d3
0
0
0
0
3877
416f
441c
3ea8
3579
3af4
0
0
0
0
39f5
43da
45d3
401c
31fc
3c96
0
0
0
0
0
4170
449b
385e
0
4362
3b99
0
0
0
0
0
3c63
0
0
451b
443f
0
0
0
0
0
3db4
0
0
4462
463c
0
0
0
0
0
4247
24b6
0
42f3
461b
0
0
0
0
0
3e23
3276
0
440e
463a
0
0
0
0
0
2cb6
0
0
4484
4635
0
0
0
0
0
0
0
0
4373
4582
0
0
0
3adc
4007
4132
409b
3a23
0
0
0
0
0
3053
0
0
0
0
0
0
0
0
0
29f1
0
0
0
0
0
0
0
0
0
36a9
29c7
0
0
0
33f6
39df
4033
39c4
0
0
0
0
0
4227
4119
3569
408e
3ef6
3549
0
0
0
0
4482
4071
0
36ef
4024
3abd
3b60
39d4
0
3e06
453a
3c1b
0
0
404f
3cb2
0
0
0
3c29
420e
0
0
0
408b
3c91
0
0
0
301f
3a6c
0
0
0
3de8
396e
3162
30b3
313e
0
0
0
0
0
4085
3e04
2e91
37ee
0
0
0
0
0
0
0
0
0
0
0
0
0
38e3
3d10
3ed1
3d36
335e
0
0
0
40ce
4691
47d6
44ff
3ebd
3870
2f93
30bb
3da0
4126
425c
3ecc
0
0
0
0
0
0
3584
3dfb
3d05
0
0
0
0
0
3111
2018
382f
37c6
0
0
0
0
0
0
0
3155
3608
0
0
0
0
0
0
0
0
0
0
0
0
0
2f6d
0
0
0
0
0
0
0
0
313a
0
0
0
0
2ce6
0
0
0
0
0
0
3b4d
3d32
3982
3435
