0
0
0
0
0
0
0
0
0
0
0
0
0
0
0
0
0
0
0
0
0
0
0
0
0
0
0
0
0
0
0
0
0
0
0
0
0
0
0
0
0
0
0
0
0
0
0
0
0
0
0
0
0
0
0
0
0
0
0
0
0
0
0
0
0
0
0
0
0
0
0
0
0
0
0
0
0
0
0
0
0
0
0
0
0
0
0
0
0
0
0
0
0
0
0
0
0
0
0
0
0
0
0
0
0
0
0
0
0
0
0
0
0
0
0
0
0
0
0
0
0
0
0
0
0
0
0
0
0
0
0
0
0
0
0
0
0
0
0
0
0
0
0
0
0
0
0
0
0
0
0
0
0
0
0
0
0
0
0
0
0
0
0
0
0
0
0
0
0
0
0
0
0
0
0
0
0
0
0
0
0
0
0
0
0
0
0
0
0
0
0
0
0
0
0
0
0
0
0
0
0
0
0
0
0
0
0
0
0
0
0
0
0
0
0
0
0
0
0
0
0
0
0
0
0
0
0
0
0
0
0
0
0
0
0
0
0
0
0
0
0
0
0
0
0
0
0
0
0
0
0
0
0
0
0
0
0
0
0
0
0
0
0
0
0
0
0
0
0
3404
3894
3b2f
3c00
3a6e
3788
0
0
0
0
0
0
0
0
0
0
0
0
0
0
0
0
0
0
0
0
0
0
0
0
2e06
3a36
3be8
3bf0
3b0f
3ac7
3b5f
3be8
3596
0
0
0
0
0
0
0
0
0
0
0
0
0
0
0
0
0
0
0
0
0
0
2d05
3a6e
3bf0
3aff
3464
2b87
0
2f47
3a76
3976
1ffd
3576
30c5
1bfd
0
0
0
0
0
0
0
0
0
0
0
0
0
0
0
0
0
0
384c
3bf0
3b1f
2604
0
0
0
0
3065
2f07
34c5
3bf0
3bf0
2885
0
0
0
0
0
0
0
0
0
0
0
0
0
0
0
0
0
3586
3be0
3b5f
2a07
0
0
0
0
0
0
3145
3b77
3bf0
3976
1bfd
0
0
0
0
0
0
0
0
0
0
0
0
0
0
0
0
0
3834
3bf0
3a06
0
0
0
0
0
0
0
2b07
3b77
3bf0
390d
0
0
0
0
0
0
0
0
0
0
0
0
0
0
0
0
0
0
394d
3bf0
34a5
0
0
0
0
0
0
0
3555
3bc0
3bf0
34b5
0
0
0
0
0
0
0
0
0
0
0
0
0
0
0
0
0
2905
3bd8
3bf0
31e6
0
0
0
0
0
0
2604
3adf
3bf0
3b90
2fc8
0
0
0
0
0
0
0
0
0
0
0
0
0
0
0
0
0
2905
3bf0
3bf0
31e6
0
0
0
0
0
2505
3485
3bf0
3bf0
387d
0
0
0
0
0
0
0
0
0
0
0
0
0
0
0
0
0
0
2604
3aef
3bf0
3757
0
0
0
0
2e46
3767
3bf0
3bf0
3bf0
31e6
0
0
0
0
0
0
0
0
0
0
0
0
0
0
0
0
0
0
0
2f07
3b98
3bf8
39de
3686
3894
38fd
3ae7
3ba8
3b80
3bf8
3b07
2c85
0
0
0
0
0
0
0
0
0
0
0
0
0
0
0
0
0
0
0
0
34e5
3a4e
3bf0
3bf0
3bc8
3abf
38e5
3434
3bc0
3bf0
38ed
0
0
0
0
0
0
0
0
0
0
0
0
0
0
0
0
0
0
0
0
0
0
2505
3307
3307
3246
0
0
30c5
3bf0
3bf0
34a5
0
0
0
0
0
0
0
0
0
0
0
0
0
0
0
0
0
0
0
0
0
0
0
0
0
0
0
0
3424
3bf0
3bf0
2c85
0
0
0
0
0
0
0
0
0
0
0
0
0
0
0
0
0
0
0
0
0
0
0
0
0
0
0
0
38ad
3bf0
3bf0
2c85
0
0
0
0
0
0
0
0
0
0
0
0
0
0
0
0
0
0
0
0
0
0
0
0
0
0
0
2f87
3b77
3bf0
39fe
2405
0
0
0
0
0
0
0
0
0
0
0
0
0
0
0
0
0
0
0
0
0
0
0
0
0
0
0
3424
3bf0
3bf0
3707
0
0
0
0
0
0
0
0
0
0
0
0
0
0
0
0
0
0
0
0
0
0
0
0
0
0
0
0
3576
3bf0
3ba8
220b
0
0
0
0
0
0
0
0
0
0
0
0
0
0
0
0
0
0
0
0
0
0
0
0
0
0
0
0
3955
3bf0
3a36
0
0
0
0
0
0
0
0
0
0
0
0
0
0
0
0
0
0
0
0
0
0
0
0
0
0
0
0
0
3bf8
3bf0
38ad
0
0
0
0
0
0
0
0
0
0
0
0
0
0
0
0
0
0
0
0
0
0
0
0
0
0
0
0
0
0
0
0
0
0
0
0
0
0
0
0
0
0
0
0
0
0
0
0
0
0
0
0
0
0
0
0
0
0
0
0
0
0
0
0
0
0
0
0
0
0
0
0
0
0
0
0
0
0
0
0
0
0
0
0
0
0
0
0
0
0
0
0
0
0
0
0
0
0
0
0
0
0
0
0
0
0
0
0
0
0
0
0
0
0
0
0
0
0
0
0
0
0
0
0
0
0
0
0
0
0
0
0
0
0
0
0
0
0
0
0
0
