0
0
0
0
0
0
0
0
0
0
0
0
0
0
0
0
0
0
0
0
0
0
0
0
0
0
0
0
0
0
0
0
0
0
0
0
0
0
0
0
0
0
0
0
0
0
0
0
0
0
0
0
0
0
0
0
0
0
0
0
0
0
0
0
0
0
0
0
0
0
0
0
0
0
0
0
0
0
0
0
0
0
0
0
0
0
0
0
0
0
0
0
0
0
0
0
0
0
0
0
0
0
0
0
0
0
0
0
0
0
0
0
0
0
0
0
0
0
0
0
0
0
0
0
0
0
0
0
0
0
0
0
0
0
0
0
0
0
0
0
0
0
0
0
0
0
0
0
0
0
0
0
0
0
0
0
0
0
0
0
0
0
0
0
0
0
0
0
0
0
0
0
0
0
0
0
0
0
0
0
0
0
0
0
0
0
0
0
0
0
0
0
0
0
0
0
0
0
0
0
0
0
0
0
0
0
36a7
2d86
0
0
0
0
0
0
0
0
0
0
0
0
0
0
0
0
0
0
0
0
0
0
0
0
0
0
0
2604
3626
38ed
3be8
3b80
3a8f
3576
0
0
0
0
0
0
0
0
0
0
0
0
0
0
0
0
0
0
0
0
0
0
0
0
3474
3ac7
3bf8
3bf8
3bf8
3bf8
3bf8
3bd8
35d6
0
0
0
0
0
0
0
0
0
0
0
0
0
0
0
0
0
0
0
0
0
0
2a87
39fe
3be0
3a3e
385c
33a8
33a8
396d
3c00
386c
2f47
0
0
0
0
0
0
0
0
0
0
0
0
0
0
0
0
0
0
0
0
3474
39fe
3bf8
3b90
0
0
0
0
2c03
397e
3bf8
3abf
2f07
0
0
0
0
0
0
0
0
0
0
0
0
0
0
0
0
0
0
2805
3a7f
3bf8
3b17
3616
0
0
0
0
0
2a07
39ee
3bf8
3aaf
3676
0
0
0
0
0
0
0
0
0
0
0
0
0
0
0
0
0
39e6
3945
3bf8
3525
0
0
0
0
0
0
0
34a5
3bf8
3bf8
3ab7
3646
0
0
0
0
0
0
0
0
0
0
0
0
0
0
0
0
3b5f
3bf8
3b37
31e6
0
0
0
0
0
0
0
1bfd
34a5
3bd0
3bf8
3bf0
382c
0
0
0
0
0
0
0
0
0
0
0
0
0
0
36a7
3be8
3b27
32c7
0
0
0
0
0
0
0
0
0
0
3a0e
3bf8
3bf8
3aaf
0
0
0
0
0
0
0
0
0
0
0
0
0
0
3767
3bf8
3996
0
0
0
0
0
0
0
0
0
0
0
2d05
39f6
3bf8
3bc0
34e5
0
0
0
0
0
0
0
0
0
0
0
0
0
3a0e
3bf8
34e5
0
0
0
0
0
0
0
0
0
0
0
0
3545
3bf8
3bf8
3a2e
0
0
0
0
0
0
0
0
0
0
0
0
0
3767
3bf8
3125
0
0
0
0
0
0
0
0
0
0
0
0
34b5
3bd0
3bf8
3b67
2a87
0
0
0
0
0
0
0
0
0
0
0
0
3767
3bf8
3788
0
0
0
0
0
0
0
0
0
0
0
0
0
3a2e
3bf8
3bf8
3798
0
0
0
0
0
0
0
0
0
0
0
0
3767
3bf8
3996
0
0
0
0
0
0
0
0
0
0
0
0
0
33e8
3bf8
3bf8
39de
0
0
0
0
0
0
0
0
0
0
0
0
2604
3b67
3996
0
0
0
0
0
0
0
0
0
0
0
0
0
33e8
3bf8
3bb8
3454
0
0
0
0
0
0
0
0
0
0
0
0
0
3b5f
3a5e
2d05
0
0
0
0
0
0
0
0
0
0
0
2f07
3a46
3bf8
3b88
30c5
0
0
0
0
0
0
0
0
0
0
0
0
0
3676
3a9f
36d7
33e8
33e8
33e8
33e8
2f47
33e8
2f47
33e8
33e8
33e8
3a16
3ad7
3bf8
3bf8
3b77
2e46
0
0
0
0
0
0
0
0
0
0
0
0
0
0
2dc6
3697
3b90
3bf8
3bf8
3bf8
3ab7
3bf8
3ab7
3bf8
3bf8
3bf8
3bf8
3bf8
3ba8
3747
3454
0
0
0
0
0
0
0
0
0
0
0
0
0
0
0
0
0
3414
3996
3b57
3b57
39ce
3a87
3b57
3b57
3b57
3935
3606
3606
3495
0
0
0
0
0
0
0
0
0
0
0
0
0
0
0
0
0
0
0
0
0
0
0
0
0
0
0
0
0
0
0
0
0
0
0
0
0
0
0
0
0
0
0
0
0
0
0
0
0
0
0
0
0
0
0
0
0
0
0
0
0
0
0
0
0
0
0
0
0
0
0
0
0
0
0
0
0
0
0
0
0
0
0
0
0
0
0
0
0
0
0
0
0
0
0
0
0
0
0
0
0
0
0
0
0
0
0
0
0
0
0
0
0
0
0
0
0
0
0
0
0
0
0
0
0
0
0
0
0
0
0
0
0
0
0
0
0
0
0
0
0
0
0
0
0
0
0
0
0
0
0
0
0
0
0
0
0
0
0
0
0
0
0
0
0
0
0
0
0
0
0
0
0
0
0
0
0
0
0
0
0
0
0
0
0
0
0
0
0
0
0
0
0
0
0
0
0
0
0
0
0
0
0
0
0
0
0
0
0
0
0
0
0
0
0
0
0
0
0
0
0
0
0
0
0
0
0
0
0
0
0
0
0
