2.6218e-01
2.6218e-01
2.6218e-01
2.6218e-01
2.6218e-01
2.6218e-01
2.6218e-01
2.6218e-01
2.6218e-01
2.6218e-01
2.6218e-01
2.6218e-01
2.6218e-01
2.6218e-01
2.6218e-01
2.6218e-01
2.6218e-01
2.6218e-01
2.6218e-01
2.6218e-01
2.6218e-01
2.6218e-01
2.6218e-01
2.6218e-01
2.6218e-01
2.6218e-01
2.6218e-01
2.6218e-01
2.6218e-01
2.6218e-01
2.6218e-01
2.6218e-01
2.6218e-01
2.6218e-01
2.6218e-01
2.6218e-01
2.6218e-01
2.6218e-01
2.6218e-01
2.6218e-01
2.6218e-01
2.6218e-01
2.6218e-01
2.6218e-01
2.6218e-01
2.6218e-01
2.6218e-01
2.6218e-01
2.6218e-01
2.6218e-01
2.6218e-01
2.6218e-01
2.6218e-01
2.6218e-01
2.6218e-01
2.6218e-01
2.6218e-01
2.6218e-01
2.6218e-01
2.6218e-01
2.6218e-01
2.6218e-01
2.6218e-01
2.6218e-01
2.6218e-01
2.6218e-01
2.6218e-01
2.6218e-01
2.6218e-01
2.6218e-01
2.6218e-01
2.6218e-01
2.6218e-01
2.6218e-01
2.6218e-01
2.6218e-01
2.6218e-01
2.6218e-01
2.6218e-01
2.6218e-01
2.6218e-01
2.6218e-01
2.6218e-01
2.6218e-01
2.6218e-01
2.6218e-01
2.6218e-01
2.6218e-01
2.6218e-01
2.6218e-01
2.6218e-01
2.6218e-01
2.6218e-01
2.6218e-01
2.6218e-01
2.6218e-01
2.6218e-01
2.6218e-01
2.6218e-01
2.6218e-01
2.6218e-01
2.6218e-01
2.6218e-01
2.6218e-01
2.6218e-01
2.6218e-01
2.6218e-01
2.6218e-01
2.6218e-01
2.6218e-01
2.6218e-01
2.6218e-01
2.6218e-01
2.6218e-01
2.6218e-01
2.6218e-01
2.6218e-01
2.6218e-01
2.6218e-01
2.6218e-01
2.6218e-01
2.6218e-01
2.6218e-01
2.6218e-01
2.6218e-01
2.6218e-01
2.6218e-01
2.6218e-01
2.6218e-01
2.6218e-01
2.6218e-01
2.6218e-01
2.6218e-01
2.6218e-01
2.6218e-01
2.6218e-01
2.6218e-01
2.6218e-01
2.6218e-01
2.6218e-01
2.6218e-01
2.6218e-01
2.6218e-01
2.6218e-01
2.6218e-01
2.6218e-01
2.6218e-01
2.6688e-01
3.0226e-01
2.6702e-01
2.7378e-01
4.0021e-01
3.7813e-01
3.0225e-01
2.9721e-01
3.0395e-01
2.3277e-01
4.0260e-01
4.1604e-01
2.8917e-01
2.6218e-01
2.6218e-01
2.6218e-01
2.6218e-01
2.6218e-01
2.6218e-01
2.6218e-01
2.6218e-01
2.6218e-01
2.6218e-01
2.6218e-01
2.6218e-01
2.6218e-01
2.6218e-01
2.6218e-01
2.8306e-01
3.8270e-01
3.4286e-01
6.3013e-01
9.2394e-01
8.0679e-01
5.9295e-01
5.3600e-01
5.4777e-01
6.7951e-01
9.1706e-01
8.4962e-01
4.1427e-01
2.6218e-01
2.6218e-01
2.6218e-01
2.6218e-01
2.6218e-01
2.6218e-01
2.6218e-01
2.6218e-01
2.6218e-01
2.6218e-01
2.6218e-01
2.6218e-01
2.6218e-01
2.6218e-01
2.6218e-01
2.9163e-01
3.2699e-01
4.3029e-01
1.1774e+00
1.6350e+00
1.4706e+00
1.3024e+00
1.1607e+00
1.1301e+00
1.5389e+00
1.5256e+00
1.2019e+00
6.4289e-01
2.8311e-01
2.6218e-01
2.6218e-01
2.6218e-01
2.6218e-01
2.6218e-01
2.6218e-01
2.6218e-01
2.6218e-01
2.6218e-01
2.6218e-01
2.6218e-01
2.6218e-01
2.6218e-01
2.6489e-01
2.5716e-01
6.4268e-02
3.6164e-01
1.2748e+00
2.1067e+00
1.9378e+00
1.6340e+00
1.4660e+00
1.5319e+00
1.8044e+00
2.0397e+00
1.6988e+00
8.8961e-01
3.3365e-01
2.6218e-01
2.6218e-01
2.6218e-01
2.6218e-01
2.6218e-01
2.6218e-01
2.6218e-01
2.6218e-01
2.6218e-01
2.6218e-01
2.6218e-01
2.6218e-01
2.6218e-01
2.7270e-01
3.8119e-02
-4.1338e-01
-8.1141e-02
9.3145e-01
1.8024e+00
1.6335e+00
1.2246e+00
9.8280e-01
1.2639e+00
1.4893e+00
1.9936e+00
2.0069e+00
1.0780e+00
3.5333e-01
2.6218e-01
2.6218e-01
2.6218e-01
2.6218e-01
2.6218e-01
2.6218e-01
2.6218e-01
2.6218e-01
2.6218e-01
2.6218e-01
2.6218e-01
2.6218e-01
2.6218e-01
2.7404e-01
-2.0506e-01
-5.7282e-01
-4.7719e-01
4.5463e-01
9.1555e-01
3.6568e-01
-1.0398e-01
-1.9504e-02
2.8731e-01
7.3133e-01
1.5636e+00
2.0309e+00
1.2290e+00
3.9418e-01
2.6218e-01
2.6218e-01
2.6218e-01
2.6218e-01
2.6218e-01
2.6218e-01
2.6218e-01
2.6218e-01
2.6218e-01
2.6218e-01
2.6218e-01
2.6218e-01
2.6218e-01
2.4412e-01
-2.7162e-01
-5.6126e-01
-3.0186e-01
6.5226e-01
9.4300e-01
-1.1338e-02
-6.9030e-01
-5.7746e-01
-4.7157e-01
1.6823e-01
1.3084e+00
1.9382e+00
1.3191e+00
4.7913e-01
2.6218e-01
2.6218e-01
2.6218e-01
2.6218e-01
2.6218e-01
2.6218e-01
2.6218e-01
2.6218e-01
2.6218e-01
2.6218e-01
2.6218e-01
2.6218e-01
2.6218e-01
1.1970e-01
-3.6077e-01
-6.4788e-01
-1.7436e-02
1.1054e+00
1.4487e+00
3.5976e-01
-5.9084e-01
-7.3848e-01
-8.6273e-01
-2.6534e-01
1.1070e+00
1.9720e+00
1.4607e+00
5.9788e-01
2.6218e-01
2.6218e-01
2.6218e-01
2.6218e-01
2.6218e-01
2.6218e-01
2.6218e-01
2.6218e-01
2.6218e-01
2.6218e-01
2.6218e-01
2.6218e-01
2.6218e-01
6.4106e-02
-4.0262e-01
-6.8338e-01
8.6164e-02
1.3989e+00
1.9734e+00
1.0828e+00
2.0737e-01
-2.6327e-01
-6.6715e-01
-3.3473e-01
9.4102e-01
2.0437e+00
1.5740e+00
6.4521e-01
2.6218e-01
2.6218e-01
2.6218e-01
2.6218e-01
2.6218e-01
2.6218e-01
2.6218e-01
2.6218e-01
2.6218e-01
2.6218e-01
2.6218e-01
2.6218e-01
2.6218e-01
5.7542e-02
-4.4198e-01
-7.2791e-01
3.4412e-02
1.2266e+00
1.8161e+00
1.1022e+00
3.2593e-01
-1.6983e-01
-6.1478e-01
-3.9560e-01
8.5926e-01
1.9935e+00
1.6537e+00
7.1778e-01
2.6218e-01
2.6218e-01
2.6218e-01
2.6218e-01
2.6218e-01
2.6218e-01
2.6218e-01
2.6218e-01
2.6218e-01
2.6218e-01
2.6218e-01
2.6218e-01
2.6218e-01
5.2489e-02
-4.5463e-01
-8.3068e-01
-2.5561e-01
8.1036e-01
1.3284e+00
8.6886e-01
3.0787e-01
-1.6824e-01
-6.1197e-01
-5.2848e-01
7.7833e-01
1.9042e+00
1.6297e+00
7.4308e-01
2.6218e-01
2.6218e-01
2.6218e-01
2.6218e-01
2.6218e-01
2.6218e-01
2.6218e-01
2.6218e-01
2.6218e-01
2.6218e-01
2.6218e-01
2.6218e-01
2.6218e-01
6.5258e-02
-3.7156e-01
-7.7523e-01
-5.1773e-01
3.1108e-01
8.4812e-01
6.1480e-01
2.8915e-01
-1.6819e-01
-6.1198e-01
-5.2776e-01
7.8004e-01
1.9058e+00
1.6304e+00
7.4308e-01
2.6218e-01
2.6218e-01
2.6218e-01
2.6218e-01
2.6218e-01
2.6218e-01
2.6218e-01
2.6218e-01
2.6218e-01
2.6218e-01
2.6218e-01
2.6218e-01
2.6218e-01
1.3825e-01
-1.8240e-01
-5.1122e-01
-3.7292e-01
-7.3768e-02
4.0863e-01
4.5514e-01
2.7758e-01
-1.6831e-01
-6.1301e-01
-5.2811e-01
7.8028e-01
1.9046e+00
1.6295e+00
7.4308e-01
2.6218e-01
2.6218e-01
2.6218e-01
2.6218e-01
2.6218e-01
2.6218e-01
2.6218e-01
2.6218e-01
2.6218e-01
2.6218e-01
2.6218e-01
2.6218e-01
2.6218e-01
2.6218e-01
1.9712e-01
-5.3115e-03
6.0818e-02
8.6508e-02
2.2094e-01
3.0159e-01
2.6568e-01
-1.6869e-01
-6.1328e-01
-5.2932e-01
7.7885e-01
1.9049e+00
1.6299e+00
7.4308e-01
2.6218e-01
2.6218e-01
2.6218e-01
2.6218e-01
2.6218e-01
2.6218e-01
2.6218e-01
2.6218e-01
2.6218e-01
2.6218e-01
2.6218e-01
2.6218e-01
2.6218e-01
2.6218e-01
2.6218e-01
2.6218e-01
2.6218e-01
2.6218e-01
2.6218e-01
2.6218e-01
2.6218e-01
-1.6983e-01
-6.1478e-01
-5.3038e-01
7.7689e-01
1.9031e+00
1.6294e+00
7.4308e-01
2.6218e-01
2.6218e-01
2.6218e-01
2.6218e-01
2.6218e-01
2.6218e-01
2.6218e-01
2.6218e-01
2.6218e-01
2.6218e-01
2.6218e-01
2.6218e-01
2.6218e-01
2.6218e-01
2.6218e-01
2.6218e-01
2.6218e-01
2.6218e-01
2.6218e-01
2.6218e-01
2.6218e-01
-1.6824e-01
-6.1197e-01
-5.2612e-01
7.9518e-01
1.8818e+00
1.6599e+00
7.7722e-01
2.6218e-01
2.6218e-01
2.6218e-01
2.6218e-01
2.6218e-01
2.6218e-01
2.6218e-01
2.6218e-01
2.6218e-01
2.6218e-01
2.6218e-01
2.6218e-01
2.6218e-01
2.6218e-01
2.6218e-01
2.6218e-01
2.6218e-01
2.6218e-01
2.6218e-01
2.6218e-01
2.6218e-01
-1.6819e-01
-6.1198e-01
-5.1810e-01
8.2181e-01
1.8942e+00
1.7688e+00
8.7977e-01
2.6218e-01
2.6218e-01
2.6218e-01
2.6218e-01
2.6218e-01
2.6218e-01
2.6218e-01
2.6218e-01
2.6218e-01
2.6218e-01
2.6218e-01
2.6218e-01
2.6218e-01
2.6218e-01
2.6218e-01
2.6218e-01
2.6218e-01
2.6218e-01
2.6218e-01
2.6218e-01
2.6218e-01
-1.6831e-01
-6.1301e-01
-5.1619e-01
7.8792e-01
1.9718e+00
1.8964e+00
9.5827e-01
2.6218e-01
2.6218e-01
2.6218e-01
2.6218e-01
2.6218e-01
2.6218e-01
2.6218e-01
2.6218e-01
2.6218e-01
2.6218e-01
2.6218e-01
2.6218e-01
2.6218e-01
2.6218e-01
2.6218e-01
2.6218e-01
2.6218e-01
2.6218e-01
2.6218e-01
2.6218e-01
2.6218e-01
-1.6869e-01
-6.1328e-01
-5.4389e-01
7.1964e-01
1.9937e+00
2.0046e+00
1.0228e+00
2.6218e-01
2.6218e-01
2.6218e-01
2.6218e-01
2.6218e-01
2.6218e-01
2.6218e-01
2.6218e-01
2.6218e-01
2.6218e-01
2.6218e-01
2.6218e-01
2.6218e-01
2.6218e-01
2.6218e-01
2.6218e-01
2.6218e-01
2.6218e-01
2.6218e-01
2.6218e-01
2.6218e-01
-1.7689e-01
-6.6640e-01
-6.0467e-01
5.3189e-01
1.8263e+00
1.9667e+00
1.0256e+00
2.6218e-01
2.6218e-01
2.6218e-01
2.6218e-01
2.6218e-01
2.6218e-01
2.6218e-01
2.6218e-01
2.6218e-01
2.6218e-01
2.6218e-01
2.6218e-01
2.6218e-01
2.6218e-01
2.6218e-01
2.6218e-01
2.6218e-01
2.6218e-01
2.6218e-01
2.6218e-01
2.6218e-01
-1.9401e-01
-7.2764e-01
-8.1145e-01
2.0944e-01
1.3872e+00
1.5866e+00
8.3589e-01
2.6218e-01
2.6218e-01
2.6218e-01
2.6218e-01
2.6218e-01
2.6218e-01
2.6218e-01
2.6218e-01
2.6218e-01
2.6218e-01
2.6218e-01
2.6218e-01
2.6218e-01
2.6218e-01
2.6218e-01
2.6218e-01
2.6218e-01
2.6218e-01
2.6218e-01
2.6218e-01
2.6218e-01
-1.9335e-01
-6.2729e-01
-1.0468e+00
-1.5903e-01
7.5723e-01
9.6998e-01
5.9348e-01
2.6218e-01
2.6218e-01
2.6218e-01
2.6218e-01
2.6218e-01
2.6218e-01
2.6218e-01
2.6218e-01
2.6218e-01
2.6218e-01
2.6218e-01
2.6218e-01
2.6218e-01
2.6218e-01
2.6218e-01
2.6218e-01
2.6218e-01
2.6218e-01
2.6218e-01
2.6218e-01
2.6218e-01
-1.1645e-01
-4.6450e-01
-8.1903e-01
-4.2555e-01
1.9263e-01
5.9374e-01
4.6240e-01
2.6218e-01
2.6218e-01
2.6218e-01
2.6218e-01
2.6218e-01
2.6218e-01
2.6218e-01
1.8450e-03
1.8450e-03
1.8450e-03
1.8450e-03
1.8450e-03
1.8450e-03
1.8450e-03
1.8450e-03
1.8450e-03
1.8450e-03
1.8450e-03
1.8450e-03
1.8450e-03
1.8450e-03
1.8450e-03
1.8450e-03
1.8450e-03
1.8450e-03
1.8450e-03
1.8450e-03
1.8450e-03
1.8450e-03
1.8450e-03
1.8450e-03
1.8450e-03
1.8450e-03
1.8450e-03
1.8450e-03
1.8450e-03
1.8450e-03
1.8450e-03
1.8450e-03
1.8450e-03
1.8450e-03
1.8450e-03
1.8450e-03
1.8450e-03
1.8450e-03
1.8450e-03
1.8450e-03
1.8450e-03
1.8450e-03
1.8450e-03
1.8450e-03
1.8450e-03
1.8450e-03
1.8450e-03
1.8450e-03
1.8450e-03
1.8450e-03
1.8450e-03
1.8450e-03
1.8450e-03
1.8450e-03
1.8450e-03
1.8450e-03
1.8450e-03
1.8450e-03
1.8450e-03
1.8450e-03
1.8450e-03
1.8450e-03
1.8450e-03
1.8450e-03
1.8450e-03
1.8450e-03
1.8450e-03
1.8450e-03
1.8450e-03
1.8450e-03
1.8450e-03
1.8450e-03
1.8450e-03
1.8450e-03
1.8450e-03
1.8450e-03
1.8450e-03
1.8450e-03
1.8450e-03
1.8450e-03
1.8450e-03
1.8450e-03
1.8450e-03
1.8450e-03
1.8450e-03
1.8450e-03
1.8450e-03
1.8450e-03
1.8450e-03
1.8450e-03
1.8450e-03
1.8450e-03
1.8450e-03
1.8450e-03
1.8450e-03
1.8450e-03
1.8450e-03
1.8450e-03
1.8450e-03
1.8450e-03
1.8450e-03
1.8450e-03
1.8450e-03
1.8450e-03
1.8450e-03
1.8450e-03
1.8450e-03
1.8450e-03
1.8450e-03
1.8450e-03
1.8450e-03
1.8450e-03
1.8450e-03
1.8450e-03
1.8450e-03
1.8450e-03
1.8450e-03
1.8450e-03
1.8450e-03
1.8450e-03
1.8450e-03
1.8450e-03
1.8450e-03
1.8450e-03
1.8450e-03
1.8450e-03
1.8450e-03
1.8450e-03
1.8450e-03
1.8450e-03
1.8450e-03
1.8450e-03
1.8450e-03
1.8450e-03
1.8450e-03
1.8450e-03
1.8450e-03
1.8450e-03
1.8450e-03
1.8450e-03
1.8450e-03
1.8450e-03
1.8450e-03
1.8450e-03
1.8450e-03
1.8450e-03
1.8450e-03
7.2500e-02
1.0811e-01
1.9364e-03
-1.3329e-01
-2.9094e-01
-2.4501e-01
-2.4661e-02
1.2211e-01
1.1944e-02
-1.3666e-01
-2.8328e-01
-3.1826e-01
-5.7020e-02
1.8450e-03
1.8450e-03
1.8450e-03
1.8450e-03
1.8450e-03
1.8450e-03
1.8450e-03
1.8450e-03
1.8450e-03
1.8450e-03
1.8450e-03
1.8450e-03
1.8450e-03
1.8450e-03
1.8450e-03
2.6158e-01
4.4444e-01
2.8645e-01
-1.6469e-01
-6.6469e-01
-6.2116e-01
-3.3904e-01
-1.5060e-02
-8.1545e-02
-5.3458e-01
-7.6430e-01
-6.7819e-01
-2.4084e-01
1.8450e-03
1.8450e-03
1.8450e-03
1.8450e-03
1.8450e-03
1.8450e-03
1.8450e-03
1.8450e-03
1.8450e-03
1.8450e-03
1.8450e-03
1.8450e-03
1.8450e-03
1.8450e-03
1.8450e-03
4.7566e-01
8.7415e-01
9.2980e-01
7.0737e-01
-2.4653e-02
-2.6541e-01
-2.5849e-01
-7.2352e-03
2.6537e-02
-1.6202e-01
-4.9201e-01
-6.5513e-01
-4.5702e-01
-4.3806e-02
1.8450e-03
1.8450e-03
1.8450e-03
1.8450e-03
1.8450e-03
1.8450e-03
1.8450e-03
1.8450e-03
1.8450e-03
1.8450e-03
1.8450e-03
1.8450e-03
1.8450e-03
4.2629e-02
7.5603e-01
1.5393e+00
1.9463e+00
1.8694e+00
1.3027e+00
1.1231e+00
1.2098e+00
1.4679e+00
1.6223e+00
1.0603e+00
2.3592e-01
-4.1251e-01
-5.0466e-01
-8.4961e-02
1.8450e-03
1.8450e-03
1.8450e-03
1.8450e-03
1.8450e-03
1.8450e-03
1.8450e-03
1.8450e-03
1.8450e-03
1.8450e-03
1.8450e-03
1.8450e-03
1.8450e-03
1.2878e-01
1.0936e+00
2.0473e+00
2.5893e+00
2.6359e+00
2.4079e+00
2.6817e+00
3.1673e+00
3.4085e+00
3.2526e+00
2.3485e+00
9.4512e-01
-8.2792e-02
-3.8520e-01
-7.1600e-02
1.8450e-03
1.8450e-03
1.8450e-03
1.8450e-03
1.8450e-03
1.8450e-03
1.8450e-03
1.8450e-03
1.8450e-03
1.8450e-03
1.8450e-03
1.8450e-03
1.8450e-03
2.1568e-01
1.2656e+00
2.2367e+00
2.7474e+00
2.4563e+00
2.1747e+00
2.4468e+00
3.1797e+00
3.7372e+00
4.0041e+00
3.0055e+00
1.5762e+00
7.9562e-02
-3.2644e-01
-8.1120e-02
1.8450e-03
1.8450e-03
1.8450e-03
1.8450e-03
1.8450e-03
1.8450e-03
1.8450e-03
1.8450e-03
1.8450e-03
1.8450e-03
1.8450e-03
1.8450e-03
1.8450e-03
3.4545e-01
1.4533e+00
2.4452e+00
2.6036e+00
1.8547e+00
1.2121e+00
1.3021e+00
1.9732e+00
2.7380e+00
3.2748e+00
2.7424e+00
1.6264e+00
6.8866e-02
-4.1038e-01
-2.0237e-01
1.8450e-03
1.8450e-03
1.8450e-03
1.8450e-03
1.8450e-03
1.8450e-03
1.8450e-03
1.8450e-03
1.8450e-03
1.8450e-03
1.8450e-03
1.8450e-03
1.8450e-03
4.4010e-01
1.5403e+00
2.5849e+00
2.4185e+00
1.3941e+00
2.3510e-01
6.5603e-02
5.0442e-01
1.4250e+00
2.3698e+00
2.4181e+00
1.6361e+00
8.9492e-02
-4.3563e-01
-2.7752e-01
1.8450e-03
1.8450e-03
1.8450e-03
1.8450e-03
1.8450e-03
1.8450e-03
1.8450e-03
1.8450e-03
1.8450e-03
1.8450e-03
1.8450e-03
1.8450e-03
1.8450e-03
4.4760e-01
1.5315e+00
2.6290e+00
2.3878e+00
1.3377e+00
2.3205e-02
-3.1388e-01
2.0218e-02
1.0505e+00
2.0967e+00
2.5031e+00
1.7364e+00
2.8126e-01
-2.8083e-01
-2.3329e-01
1.8450e-03
1.8450e-03
1.8450e-03
1.8450e-03
1.8450e-03
1.8450e-03
1.8450e-03
1.8450e-03
1.8450e-03
1.8450e-03
1.8450e-03
1.8450e-03
1.8450e-03
3.7663e-01
1.3672e+00
2.5553e+00
2.5078e+00
1.6404e+00
3.3827e-01
-2.0976e-01
-1.7806e-02
1.0076e+00
2.0676e+00
2.6483e+00
1.9329e+00
4.7196e-01
-1.8642e-01
-2.1001e-01
1.8450e-03
1.8450e-03
1.8450e-03
1.8450e-03
1.8450e-03
1.8450e-03
1.8450e-03
1.8450e-03
1.8450e-03
1.8450e-03
1.8450e-03
1.8450e-03
1.8450e-03
2.8190e-01
1.0497e+00
2.1276e+00
2.3773e+00
1.8585e+00
7.3289e-01
8.1735e-02
5.2196e-03
1.0075e+00
2.0675e+00
2.7010e+00
1.9426e+00
5.5362e-01
-2.1718e-01
-2.1139e-01
1.8450e-03
1.8450e-03
1.8450e-03
1.8450e-03
1.8450e-03
1.8450e-03
1.8450e-03
1.8450e-03
1.8450e-03
1.8450e-03
1.8450e-03
1.8450e-03
1.8450e-03
1.8363e-01
7.1269e-01
1.4711e+00
1.5969e+00
1.3364e+00
5.9531e-01
1.6829e-01
1.2628e-02
1.0079e+00
2.0688e+00
2.7021e+00
1.9430e+00
5.5401e-01
-2.1694e-01
-2.1139e-01
1.8450e-03
1.8450e-03
1.8450e-03
1.8450e-03
1.8450e-03
1.8450e-03
1.8450e-03
1.8450e-03
1.8450e-03
1.8450e-03
1.8450e-03
1.8450e-03
1.8450e-03
5.1533e-02
2.1423e-01
5.7178e-01
6.6885e-01
5.3885e-01
1.3855e-01
4.4431e-02
4.7622e-03
1.0077e+00
2.0684e+00
2.7038e+00
1.9470e+00
5.5757e-01
-2.1553e-01
-2.1139e-01
1.8450e-03
1.8450e-03
1.8450e-03
1.8450e-03
1.8450e-03
1.8450e-03
1.8450e-03
1.8450e-03
1.8450e-03
1.8450e-03
1.8450e-03
1.8450e-03
1.8450e-03
1.8450e-03
2.7931e-02
9.8670e-02
6.8825e-02
1.2982e-01
-3.7315e-02
-4.5709e-03
1.6543e-03
1.0084e+00
2.0706e+00
2.7055e+00
1.9469e+00
5.5700e-01
-2.1571e-01
-2.1139e-01
1.8450e-03
1.8450e-03
1.8450e-03
1.8450e-03
1.8450e-03
1.8450e-03
1.8450e-03
1.8450e-03
1.8450e-03
1.8450e-03
1.8450e-03
1.8450e-03
1.8450e-03
1.8450e-03
1.8450e-03
1.8450e-03
1.8450e-03
1.8450e-03
1.8450e-03
1.8450e-03
1.8450e-03
1.0076e+00
2.0676e+00
2.7023e+00
1.9443e+00
5.5522e-01
-2.1600e-01
-2.1139e-01
1.8450e-03
1.8450e-03
1.8450e-03
1.8450e-03
1.8450e-03
1.8450e-03
1.8450e-03
1.8450e-03
1.8450e-03
1.8450e-03
1.8450e-03
1.8450e-03
1.8450e-03
1.8450e-03
1.8450e-03
1.8450e-03
1.8450e-03
1.8450e-03
1.8450e-03
1.8450e-03
1.8450e-03
1.0075e+00
2.0675e+00
2.7366e+00
1.9458e+00
5.3440e-01
-2.6348e-01
-2.8588e-01
1.8450e-03
1.8450e-03
1.8450e-03
1.8450e-03
1.8450e-03
1.8450e-03
1.8450e-03
1.8450e-03
1.8450e-03
1.8450e-03
1.8450e-03
1.8450e-03
1.8450e-03
1.8450e-03
1.8450e-03
1.8450e-03
1.8450e-03
1.8450e-03
1.8450e-03
1.8450e-03
1.8450e-03
1.0079e+00
2.0688e+00
2.8201e+00
2.0104e+00
5.1334e-01
-3.3309e-01
-3.9684e-01
1.8450e-03
1.8450e-03
1.8450e-03
1.8450e-03
1.8450e-03
1.8450e-03
1.8450e-03
1.8450e-03
1.8450e-03
1.8450e-03
1.8450e-03
1.8450e-03
1.8450e-03
1.8450e-03
1.8450e-03
1.8450e-03
1.8450e-03
1.8450e-03
1.8450e-03
1.8450e-03
1.8450e-03
1.0077e+00
2.0684e+00
2.9088e+00
2.1055e+00
6.2310e-01
-2.6228e-01
-4.0993e-01
1.8450e-03
1.8450e-03
1.8450e-03
1.8450e-03
1.8450e-03
1.8450e-03
1.8450e-03
1.8450e-03
1.8450e-03
1.8450e-03
1.8450e-03
1.8450e-03
1.8450e-03
1.8450e-03
1.8450e-03
1.8450e-03
1.8450e-03
1.8450e-03
1.8450e-03
1.8450e-03
1.8450e-03
1.0084e+00
2.0706e+00
3.0329e+00
2.2774e+00
8.2494e-01
-1.2432e-01
-3.7369e-01
1.8450e-03
1.8450e-03
1.8450e-03
1.8450e-03
1.8450e-03
1.8450e-03
1.8450e-03
1.8450e-03
1.8450e-03
1.8450e-03
1.8450e-03
1.8450e-03
1.8450e-03
1.8450e-03
1.8450e-03
1.8450e-03
1.8450e-03
1.8450e-03
1.8450e-03
1.8450e-03
1.8450e-03
9.0132e-01
2.0380e+00
3.1355e+00
2.5236e+00
1.2447e+00
1.1900e-02
-2.5730e-01
1.8450e-03
1.8450e-03
1.8450e-03
1.8450e-03
1.8450e-03
1.8450e-03
1.8450e-03
1.8450e-03
1.8450e-03
1.8450e-03
1.8450e-03
1.8450e-03
1.8450e-03
1.8450e-03
1.8450e-03
1.8450e-03
1.8450e-03
1.8450e-03
1.8450e-03
1.8450e-03
1.8450e-03
7.0162e-01
1.6926e+00
2.9777e+00
2.6518e+00
1.7654e+00
4.6750e-01
2.3209e-02
1.8450e-03
1.8450e-03
1.8450e-03
1.8450e-03
1.8450e-03
1.8450e-03
1.8450e-03
1.8450e-03
1.8450e-03
1.8450e-03
1.8450e-03
1.8450e-03
1.8450e-03
1.8450e-03
1.8450e-03
1.8450e-03
1.8450e-03
1.8450e-03
1.8450e-03
1.8450e-03
1.8450e-03
5.1779e-01
1.2738e+00
2.1869e+00
2.1283e+00
1.6676e+00
6.2343e-01
1.4029e-01
1.8450e-03
1.8450e-03
1.8450e-03
1.8450e-03
1.8450e-03
1.8450e-03
1.8450e-03
1.8450e-03
1.8450e-03
1.8450e-03
1.8450e-03
1.8450e-03
1.8450e-03
1.8450e-03
1.8450e-03
1.8450e-03
1.8450e-03
1.8450e-03
1.8450e-03
1.8450e-03
1.8450e-03
2.1406e-01
6.0852e-01
1.2313e+00
1.0555e+00
7.4809e-01
1.6100e-01
4.2270e-02
1.8450e-03
1.8450e-03
1.8450e-03
1.8450e-03
1.8450e-03
1.8450e-03
1.8450e-03
1.9376e-01
1.9376e-01
1.9376e-01
1.9376e-01
1.9376e-01
1.9376e-01
1.9376e-01
1.9376e-01
1.9376e-01
1.9376e-01
1.9376e-01
1.9376e-01
1.9376e-01
1.9376e-01
1.9376e-01
1.9376e-01
1.9376e-01
1.9376e-01
1.9376e-01
1.9376e-01
1.9376e-01
1.9376e-01
1.9376e-01
1.9376e-01
1.9376e-01
1.9376e-01
1.9376e-01
1.9376e-01
1.9376e-01
1.9376e-01
1.9376e-01
1.9376e-01
1.9376e-01
1.9376e-01
1.9376e-01
1.9376e-01
1.9376e-01
1.9376e-01
1.9376e-01
1.9376e-01
1.9376e-01
1.9376e-01
1.9376e-01
1.9376e-01
1.9376e-01
1.9376e-01
1.9376e-01
1.9376e-01
1.9376e-01
1.9376e-01
1.9376e-01
1.9376e-01
1.9376e-01
1.9376e-01
1.9376e-01
1.9376e-01
1.9376e-01
1.9376e-01
1.9376e-01
1.9376e-01
1.9376e-01
1.9376e-01
1.9376e-01
1.9376e-01
1.9376e-01
1.9376e-01
1.9376e-01
1.9376e-01
1.9376e-01
1.9376e-01
1.9376e-01
1.9376e-01
1.9376e-01
1.9376e-01
1.9376e-01
1.9376e-01
1.9376e-01
1.9376e-01
1.9376e-01
1.9376e-01
1.9376e-01
1.9376e-01
1.9376e-01
1.9376e-01
1.9376e-01
1.9376e-01
1.9376e-01
1.9376e-01
1.9376e-01
1.9376e-01
1.9376e-01
1.9376e-01
1.9376e-01
1.9376e-01
1.9376e-01
1.9376e-01
1.9376e-01
1.9376e-01
1.9376e-01
1.9376e-01
1.9376e-01
1.9376e-01
1.9376e-01
1.9376e-01
1.9376e-01
1.9376e-01
1.9376e-01
1.9376e-01
1.9376e-01
1.9376e-01
1.9376e-01
1.9376e-01
1.9376e-01
1.9376e-01
1.9376e-01
1.9376e-01
1.9376e-01
1.9376e-01
1.9376e-01
1.9376e-01
1.9376e-01
1.9376e-01
1.9376e-01
1.9376e-01
1.9376e-01
1.9376e-01
1.9376e-01
1.9376e-01
1.9376e-01
1.9376e-01
1.9376e-01
1.9376e-01
1.9376e-01
1.9376e-01
1.9376e-01
1.9376e-01
1.9376e-01
1.9376e-01
1.9376e-01
1.9376e-01
1.9376e-01
1.9376e-01
1.9376e-01
1.9376e-01
1.9376e-01
1.9376e-01
1.9376e-01
1.9527e-01
5.9261e-02
-2.7458e-01
-4.2198e-01
-3.9494e-01
-2.1806e-01
7.5599e-02
6.7109e-02
-2.5363e-01
-5.1123e-01
-3.7997e-01
-2.9462e-01
1.0636e-01
1.9376e-01
1.9376e-01
1.9376e-01
1.9376e-01
1.9376e-01
1.9376e-01
1.9376e-01
1.9376e-01
1.9376e-01
1.9376e-01
1.9376e-01
1.9376e-01
1.9376e-01
1.9376e-01
1.9376e-01
1.0510e-01
-3.3538e-01
-1.0984e+00
-1.5837e+00
-1.8898e+00
-1.5493e+00
-1.3248e+00
-1.4524e+00
-1.6975e+00
-1.8904e+00
-1.4942e+00
-7.6399e-01
-1.4032e-01
1.9376e-01
1.9376e-01
1.9376e-01
1.9376e-01
1.9376e-01
1.9376e-01
1.9376e-01
1.9376e-01
1.9376e-01
1.9376e-01
1.9376e-01
1.9376e-01
1.9376e-01
1.9376e-01
1.9376e-01
9.2523e-02
-4.1340e-01
-1.6122e+00
-2.2984e+00
-2.7682e+00
-2.6710e+00
-2.6564e+00
-2.5910e+00
-2.7996e+00
-2.7273e+00
-1.9966e+00
-9.8585e-01
-4.1271e-01
1.2598e-01
1.9376e-01
1.9376e-01
1.9376e-01
1.9376e-01
1.9376e-01
1.9376e-01
1.9376e-01
1.9376e-01
1.9376e-01
1.9376e-01
1.9376e-01
1.9376e-01
1.9376e-01
1.9464e-01
3.5984e-01
4.8159e-02
-1.0635e+00
-1.6098e+00
-1.7785e+00
-1.9233e+00
-1.9200e+00
-1.8288e+00
-2.0987e+00
-2.1860e+00
-1.6418e+00
-8.2923e-01
-4.3848e-01
8.5239e-02
1.9376e-01
1.9376e-01
1.9376e-01
1.9376e-01
1.9376e-01
1.9376e-01
1.9376e-01
1.9376e-01
1.9376e-01
1.9376e-01
1.9376e-01
1.9376e-01
1.9376e-01
1.4209e-01
7.4492e-01
7.1391e-01
2.1948e-01
2.7655e-01
8.0336e-01
9.6331e-01
1.1514e+00
1.2580e+00
7.6503e-01
-9.1363e-02
-4.4179e-01
-2.0236e-01
-1.9223e-01
1.0540e-01
1.9376e-01
1.9376e-01
1.9376e-01
1.9376e-01
1.9376e-01
1.9376e-01
1.9376e-01
1.9376e-01
1.9376e-01
1.9376e-01
1.9376e-01
1.9376e-01
1.9376e-01
1.6472e-01
9.3805e-01
9.3823e-01
8.8553e-01
1.4715e+00
2.8267e+00
3.3913e+00
3.9230e+00
3.8175e+00
3.2746e+00
1.5601e+00
5.1028e-01
1.1717e-01
9.6439e-02
1.1471e-01
1.9376e-01
1.9376e-01
1.9376e-01
1.9376e-01
1.9376e-01
1.9376e-01
1.9376e-01
1.9376e-01
1.9376e-01
1.9376e-01
1.9376e-01
1.9376e-01
1.9376e-01
3.3631e-01
1.0578e+00
1.0170e+00
6.3494e-01
1.0679e+00
2.4717e+00
3.1867e+00
3.7750e+00
3.9772e+00
3.5993e+00
1.7259e+00
5.4370e-01
7.5723e-02
1.3014e-01
3.1351e-03
1.9376e-01
1.9376e-01
1.9376e-01
1.9376e-01
1.9376e-01
1.9376e-01
1.9376e-01
1.9376e-01
1.9376e-01
1.9376e-01
1.9376e-01
1.9376e-01
1.9376e-01
5.3926e-01
1.2249e+00
1.2152e+00
3.4161e-01
3.5924e-01
1.1543e+00
1.6090e+00
1.9529e+00
2.6621e+00
2.7151e+00
1.0896e+00
2.0840e-01
-1.0198e-01
1.7939e-02
-5.6751e-02
1.9376e-01
1.9376e-01
1.9376e-01
1.9376e-01
1.9376e-01
1.9376e-01
1.9376e-01
1.9376e-01
1.9376e-01
1.9376e-01
1.9376e-01
1.9376e-01
1.9376e-01
6.0363e-01
1.3084e+00
1.3817e+00
3.4562e-01
1.0767e-01
4.2799e-01
4.1264e-01
3.7656e-01
1.2656e+00
1.5702e+00
4.8070e-01
-1.4000e-01
-1.4228e-01
8.2909e-02
1.5943e-02
1.9376e-01
1.9376e-01
1.9376e-01
1.9376e-01
1.9376e-01
1.9376e-01
1.9376e-01
1.9376e-01
1.9376e-01
1.9376e-01
1.9376e-01
1.9376e-01
1.9376e-01
6.2177e-01
1.4391e+00
1.8411e+00
1.0781e+00
8.1376e-01
9.1365e-01
5.1092e-01
2.1902e-01
1.0888e+00
1.3993e+00
5.7461e-01
-2.7591e-02
4.8990e-03
2.3828e-01
1.3130e-01
1.9376e-01
1.9376e-01
1.9376e-01
1.9376e-01
1.9376e-01
1.9376e-01
1.9376e-01
1.9376e-01
1.9376e-01
1.9376e-01
1.9376e-01
1.9376e-01
1.9376e-01
6.6181e-01
1.6350e+00
2.3090e+00
1.9209e+00
1.7484e+00
1.5397e+00
8.9486e-01
2.4839e-01
1.0870e+00
1.3950e+00
7.2508e-01
9.0550e-02
1.7919e-01
3.4123e-01
2.5821e-01
1.9376e-01
1.9376e-01
1.9376e-01
1.9376e-01
1.9376e-01
1.9376e-01
1.9376e-01
1.9376e-01
1.9376e-01
1.9376e-01
1.9376e-01
1.9376e-01
1.9376e-01
5.5258e-01
1.4467e+00
2.3598e+00
2.1326e+00
1.9618e+00
1.6430e+00
9.7398e-01
2.5339e-01
1.0862e+00
1.3944e+00
7.2550e-01
9.0693e-02
1.7993e-01
3.4213e-01
2.5821e-01
1.9376e-01
1.9376e-01
1.9376e-01
1.9376e-01
1.9376e-01
1.9376e-01
1.9376e-01
1.9376e-01
1.9376e-01
1.9376e-01
1.9376e-01
1.9376e-01
1.9376e-01
3.3843e-01
8.0699e-01
1.5220e+00
1.4997e+00
1.4200e+00
1.1596e+00
7.5590e-01
2.3669e-01
1.0876e+00
1.3967e+00
7.2790e-01
9.4153e-02
1.8340e-01
3.4364e-01
2.5821e-01
1.9376e-01
1.9376e-01
1.9376e-01
1.9376e-01
1.9376e-01
1.9376e-01
1.9376e-01
1.9376e-01
1.9376e-01
1.9376e-01
1.9376e-01
1.9376e-01
1.9376e-01
1.9376e-01
2.6971e-01
5.1996e-01
5.1371e-01
5.6664e-01
4.5931e-01
4.2285e-01
2.1127e-01
1.0891e+00
1.3999e+00
7.3151e-01
9.7025e-02
1.8490e-01
3.4404e-01
2.5821e-01
1.9376e-01
1.9376e-01
1.9376e-01
1.9376e-01
1.9376e-01
1.9376e-01
1.9376e-01
1.9376e-01
1.9376e-01
1.9376e-01
1.9376e-01
1.9376e-01
1.9376e-01
1.9376e-01
1.9376e-01
1.9376e-01
1.9376e-01
1.9376e-01
1.9376e-01
1.9376e-01
1.9376e-01
1.0888e+00
1.3993e+00
7.3194e-01
9.7459e-02
1.8503e-01
3.4448e-01
2.5821e-01
1.9376e-01
1.9376e-01
1.9376e-01
1.9376e-01
1.9376e-01
1.9376e-01
1.9376e-01
1.9376e-01
1.9376e-01
1.9376e-01
1.9376e-01
1.9376e-01
1.9376e-01
1.9376e-01
1.9376e-01
1.9376e-01
1.9376e-01
1.9376e-01
1.9376e-01
1.9376e-01
1.9376e-01
1.0870e+00
1.3950e+00
7.2584e-01
2.1676e-02
4.0228e-02
2.5591e-01
1.4763e-01
1.9376e-01
1.9376e-01
1.9376e-01
1.9376e-01
1.9376e-01
1.9376e-01
1.9376e-01
1.9376e-01
1.9376e-01
1.9376e-01
1.9376e-01
1.9376e-01
1.9376e-01
1.9376e-01
1.9376e-01
1.9376e-01
1.9376e-01
1.9376e-01
1.9376e-01
1.9376e-01
1.9376e-01
1.0862e+00
1.3944e+00
6.8053e-01
-8.7120e-02
-1.7567e-01
1.0246e-01
1.6090e-02
1.9376e-01
1.9376e-01
1.9376e-01
1.9376e-01
1.9376e-01
1.9376e-01
1.9376e-01
1.9376e-01
1.9376e-01
1.9376e-01
1.9376e-01
1.9376e-01
1.9376e-01
1.9376e-01
1.9376e-01
1.9376e-01
1.9376e-01
1.9376e-01
1.9376e-01
1.9376e-01
1.9376e-01
1.0876e+00
1.3967e+00
6.9340e-01
-1.3162e-01
-2.8289e-01
6.4372e-02
1.6727e-02
1.9376e-01
1.9376e-01
1.9376e-01
1.9376e-01
1.9376e-01
1.9376e-01
1.9376e-01
1.9376e-01
1.9376e-01
1.9376e-01
1.9376e-01
1.9376e-01
1.9376e-01
1.9376e-01
1.9376e-01
1.9376e-01
1.9376e-01
1.9376e-01
1.9376e-01
1.9376e-01
1.9376e-01
1.0891e+00
1.3999e+00
8.5605e-01
-2.4089e-02
-2.1792e-01
1.7785e-01
1.0704e-01
1.9376e-01
1.9376e-01
1.9376e-01
1.9376e-01
1.9376e-01
1.9376e-01
1.9376e-01
1.9376e-01
1.9376e-01
1.9376e-01
1.9376e-01
1.9376e-01
1.9376e-01
1.9376e-01
1.9376e-01
1.9376e-01
1.9376e-01
1.9376e-01
1.9376e-01
1.9376e-01
1.9376e-01
1.0865e+00
1.6044e+00
1.5109e+00
5.7151e-01
5.4311e-01
5.0321e-01
3.9849e-01
1.9376e-01
1.9376e-01
1.9376e-01
1.9376e-01
1.9376e-01
1.9376e-01
1.9376e-01
1.9376e-01
1.9376e-01
1.9376e-01
1.9376e-01
1.9376e-01
1.9376e-01
1.9376e-01
1.9376e-01
1.9376e-01
1.9376e-01
1.9376e-01
1.9376e-01
1.9376e-01
1.9376e-01
1.2221e+00
1.8594e+00
2.3886e+00
1.8020e+00
1.7675e+00
1.3330e+00
8.3157e-01
1.9376e-01
1.9376e-01
1.9376e-01
1.9376e-01
1.9376e-01
1.9376e-01
1.9376e-01
1.9376e-01
1.9376e-01
1.9376e-01
1.9376e-01
1.9376e-01
1.9376e-01
1.9376e-01
1.9376e-01
1.9376e-01
1.9376e-01
1.9376e-01
1.9376e-01
1.9376e-01
1.9376e-01
1.1302e+00
2.0602e+00
2.8403e+00
2.4013e+00
2.3688e+00
1.7174e+00
9.2174e-01
1.9376e-01
1.9376e-01
1.9376e-01
1.9376e-01
1.9376e-01
1.9376e-01
1.9376e-01
1.9376e-01
1.9376e-01
1.9376e-01
1.9376e-01
1.9376e-01
1.9376e-01
1.9376e-01
1.9376e-01
1.9376e-01
1.9376e-01
1.9376e-01
1.9376e-01
1.9376e-01
1.9376e-01
7.1149e-01
1.5185e+00
2.2769e+00
2.0081e+00
1.9593e+00
1.3419e+00
7.2934e-01
1.9376e-01
1.9376e-01
1.9376e-01
1.9376e-01
1.9376e-01
1.9376e-01
1.9376e-01
5.2710e-01
5.2710e-01
5.2710e-01
5.2710e-01
5.2710e-01
5.2710e-01
5.2710e-01
5.2710e-01
5.2710e-01
5.2710e-01
5.2710e-01
5.2710e-01
5.2710e-01
5.2710e-01
5.2710e-01
5.2710e-01
5.2710e-01
5.2710e-01
5.2710e-01
5.2710e-01
5.2710e-01
5.2710e-01
5.2710e-01
5.2710e-01
5.2710e-01
5.2710e-01
5.2710e-01
5.2710e-01
5.2710e-01
5.2710e-01
5.2710e-01
5.2710e-01
5.2710e-01
5.2710e-01
5.2710e-01
5.2710e-01
5.2710e-01
5.2710e-01
5.2710e-01
5.2710e-01
5.2710e-01
5.2710e-01
5.2710e-01
5.2710e-01
5.2710e-01
5.2710e-01
5.2710e-01
5.2710e-01
5.2710e-01
5.2710e-01
5.2710e-01
5.2710e-01
5.2710e-01
5.2710e-01
5.2710e-01
5.2710e-01
5.2710e-01
5.2710e-01
5.2710e-01
5.2710e-01
5.2710e-01
5.2710e-01
5.2710e-01
5.2710e-01
5.2710e-01
5.2710e-01
5.2710e-01
5.2710e-01
5.2710e-01
5.2710e-01
5.2710e-01
5.2710e-01
5.2710e-01
5.2710e-01
5.2710e-01
5.2710e-01
5.2710e-01
5.2710e-01
5.2710e-01
5.2710e-01
5.2710e-01
5.2710e-01
5.2710e-01
5.2710e-01
5.2710e-01
5.2710e-01
5.2710e-01
5.2710e-01
5.2710e-01
5.2710e-01
5.2710e-01
5.2710e-01
5.2710e-01
5.2710e-01
5.2710e-01
5.2710e-01
5.2710e-01
5.2710e-01
5.2710e-01
5.2710e-01
5.2710e-01
5.2710e-01
5.2710e-01
5.2710e-01
5.2710e-01
5.2710e-01
5.2710e-01
5.2710e-01
5.2710e-01
5.2710e-01
5.2710e-01
5.2710e-01
5.2710e-01
5.2710e-01
5.2710e-01
5.2710e-01
5.2710e-01
5.2710e-01
5.2710e-01
5.2710e-01
5.2710e-01
5.2710e-01
5.2710e-01
5.2710e-01
5.2710e-01
5.2710e-01
5.2710e-01
5.2710e-01
5.2710e-01
5.2710e-01
5.2710e-01
5.2710e-01
5.2710e-01
5.2710e-01
5.2710e-01
5.2710e-01
5.2710e-01
5.2710e-01
5.2710e-01
5.2710e-01
5.2710e-01
5.2710e-01
5.2710e-01
5.2710e-01
5.2710e-01
5.2710e-01
5.2710e-01
5.0187e-01
4.7942e-01
4.0805e-01
4.1075e-01
5.4169e-01
5.5784e-01
5.2271e-01
4.6787e-01
4.3731e-01
3.6147e-01
5.4638e-01
5.8171e-01
5.3669e-01
5.2710e-01
5.2710e-01
5.2710e-01
5.2710e-01
5.2710e-01
5.2710e-01
5.2710e-01
5.2710e-01
5.2710e-01
5.2710e-01
5.2710e-01
5.2710e-01
5.2710e-01
5.2710e-01
5.2710e-01
3.1623e-01
1.5933e-01
-6.8625e-02
-9.2587e-02
2.4113e-02
1.8133e-01
2.3945e-01
5.2800e-03
4.5876e-02
-3.1093e-02
1.3631e-01
3.6418e-01
5.1905e-01
5.2710e-01
5.2710e-01
5.2710e-01
5.2710e-01
5.2710e-01
5.2710e-01
5.2710e-01
5.2710e-01
5.2710e-01
5.2710e-01
5.2710e-01
5.2710e-01
5.2710e-01
5.2710e-01
5.2710e-01
6.4760e-02
-1.5442e-01
-6.8189e-01
-9.2655e-01
-1.1507e+00
-1.0199e+00
-8.8282e-01
-9.4008e-01
-8.1846e-01
-6.6111e-01
-5.9419e-01
-1.0119e-01
3.9111e-01
5.3454e-01
5.2710e-01
5.2710e-01
5.2710e-01
5.2710e-01
5.2710e-01
5.2710e-01
5.2710e-01
5.2710e-01
5.2710e-01
5.2710e-01
5.2710e-01
5.2710e-01
5.2710e-01
5.1254e-01
-1.2632e-01
-4.4790e-01
-8.6661e-01
-1.2406e+00
-1.7615e+00
-1.8545e+00
-1.8513e+00
-1.9018e+00
-1.6674e+00
-1.1478e+00
-1.1335e+00
-5.9527e-01
1.0865e-01
5.0434e-01
5.2710e-01
5.2710e-01
5.2710e-01
5.2710e-01
5.2710e-01
5.2710e-01
5.2710e-01
5.2710e-01
5.2710e-01
5.2710e-01
5.2710e-01
5.2710e-01
5.2710e-01
4.1359e-01
-1.4232e-01
-4.6304e-01
-7.3552e-01
-1.1316e+00
-1.3789e+00
-1.5110e+00
-1.6846e+00
-1.7240e+00
-1.8785e+00
-1.4780e+00
-1.0838e+00
-5.7013e-01
-1.0673e-01
4.5613e-01
5.2710e-01
5.2710e-01
5.2710e-01
5.2710e-01
5.2710e-01
5.2710e-01
5.2710e-01
5.2710e-01
5.2710e-01
5.2710e-01
5.2710e-01
5.2710e-01
5.2710e-01
3.1998e-01
-4.1479e-02
-4.4856e-01
-4.1066e-01
-5.9058e-01
-4.8102e-01
-1.9882e-01
3.1845e-02
-4.8448e-01
-8.7417e-01
-9.0574e-01
-7.4569e-01
-4.7773e-01
-1.2835e-01
4.2101e-01
5.2710e-01
5.2710e-01
5.2710e-01
5.2710e-01
5.2710e-01
5.2710e-01
5.2710e-01
5.2710e-01
5.2710e-01
5.2710e-01
5.2710e-01
5.2710e-01
5.2710e-01
2.3976e-01
-6.6055e-02
-4.3132e-01
-2.9831e-01
-4.2811e-01
-2.1940e-01
2.6967e-01
8.5393e-01
3.3233e-01
-1.2290e-02
-3.2329e-01
-4.5174e-01
-4.7357e-01
-5.2279e-02
4.4383e-01
5.2710e-01
5.2710e-01
5.2710e-01
5.2710e-01
5.2710e-01
5.2710e-01
5.2710e-01
5.2710e-01
5.2710e-01
5.2710e-01
5.2710e-01
5.2710e-01
5.2710e-01
2.8651e-01
-6.1535e-02
-4.0702e-01
-3.4625e-01
-4.0132e-01
-1.2284e-01
3.0987e-01
9.4014e-01
4.3585e-01
1.9138e-01
-1.0160e-01
-2.5449e-01
-5.8036e-01
-1.4862e-01
3.5413e-01
5.2710e-01
5.2710e-01
5.2710e-01
5.2710e-01
5.2710e-01
5.2710e-01
5.2710e-01
5.2710e-01
5.2710e-01
5.2710e-01
5.2710e-01
5.2710e-01
5.2710e-01
3.2794e-01
-4.8793e-02
-3.8238e-01
-3.7852e-01
-5.5660e-01
-3.4288e-01
2.6180e-02
5.3429e-01
1.0824e-01
-1.1789e-01
-4.3773e-01
-3.8166e-01
-6.1978e-01
-2.3951e-01
2.3517e-01
5.2710e-01
5.2710e-01
5.2710e-01
5.2710e-01
5.2710e-01
5.2710e-01
5.2710e-01
5.2710e-01
5.2710e-01
5.2710e-01
5.2710e-01
5.2710e-01
5.2710e-01
3.7977e-01
4.8600e-02
-2.3095e-01
-1.8027e-01
-4.7496e-01
-3.8361e-01
-4.0457e-02
4.8203e-01
8.2277e-02
-1.6563e-01
-5.4962e-01
-4.2664e-01
-5.7301e-01
-2.5061e-01
1.6890e-01
5.2710e-01
5.2710e-01
5.2710e-01
5.2710e-01
5.2710e-01
5.2710e-01
5.2710e-01
5.2710e-01
5.2710e-01
5.2710e-01
5.2710e-01
5.2710e-01
5.2710e-01
4.9977e-01
3.6022e-01
1.6702e-01
3.0879e-01
7.8934e-02
-1.1370e-01
2.2470e-02
4.8702e-01
8.1038e-02
-1.6712e-01
-4.6066e-01
-4.1547e-01
-5.6954e-01
-1.7703e-01
2.2393e-01
5.2710e-01
5.2710e-01
5.2710e-01
5.2710e-01
5.2710e-01
5.2710e-01
5.2710e-01
5.2710e-01
5.2710e-01
5.2710e-01
5.2710e-01
5.2710e-01
5.2710e-01
5.7433e-01
5.8176e-01
5.1958e-01
6.5453e-01
6.9252e-01
4.3018e-01
2.8706e-01
5.0745e-01
7.9950e-02
-1.6865e-01
-4.6175e-01
-4.1726e-01
-5.7169e-01
-1.7804e-01
2.2393e-01
5.2710e-01
5.2710e-01
5.2710e-01
5.2710e-01
5.2710e-01
5.2710e-01
5.2710e-01
5.2710e-01
5.2710e-01
5.2710e-01
5.2710e-01
5.2710e-01
5.2710e-01
6.0985e-01
7.4078e-01
7.0146e-01
6.4720e-01
8.4830e-01
8.0778e-01
5.6930e-01
5.2967e-01
8.0564e-02
-1.6769e-01
-4.6052e-01
-4.1637e-01
-5.7207e-01
-1.7841e-01
2.2393e-01
5.2710e-01
5.2710e-01
5.2710e-01
5.2710e-01
5.2710e-01
5.2710e-01
5.2710e-01
5.2710e-01
5.2710e-01
5.2710e-01
5.2710e-01
5.2710e-01
5.2710e-01
5.2710e-01
5.7054e-01
6.8527e-01
5.6310e-01
5.7233e-01
6.7936e-01
6.3028e-01
5.3469e-01
8.0462e-02
-1.6780e-01
-4.5951e-01
-4.1469e-01
-5.7112e-01
-1.7812e-01
2.2393e-01
5.2710e-01
5.2710e-01
5.2710e-01
5.2710e-01
5.2710e-01
5.2710e-01
5.2710e-01
5.2710e-01
5.2710e-01
5.2710e-01
5.2710e-01
5.2710e-01
5.2710e-01
5.2710e-01
5.2710e-01
5.2710e-01
5.2710e-01
5.2710e-01
5.2710e-01
5.2710e-01
5.2710e-01
8.2277e-02
-1.6563e-01
-4.5962e-01
-4.1399e-01
-5.6842e-01
-1.7659e-01
2.2393e-01
5.2710e-01
5.2710e-01
5.2710e-01
5.2710e-01
5.2710e-01
5.2710e-01
5.2710e-01
5.2710e-01
5.2710e-01
5.2710e-01
5.2710e-01
5.2710e-01
5.2710e-01
5.2710e-01
5.2710e-01
5.2710e-01
5.2710e-01
5.2710e-01
5.2710e-01
5.2710e-01
5.2710e-01
8.1038e-02
-1.6712e-01
-4.7338e-01
-4.2151e-01
-6.1572e-01
-1.6639e-01
2.3607e-01
5.2710e-01
5.2710e-01
5.2710e-01
5.2710e-01
5.2710e-01
5.2710e-01
5.2710e-01
5.2710e-01
5.2710e-01
5.2710e-01
5.2710e-01
5.2710e-01
5.2710e-01
5.2710e-01
5.2710e-01
5.2710e-01
5.2710e-01
5.2710e-01
5.2710e-01
5.2710e-01
5.2710e-01
7.9950e-02
-1.6865e-01
-5.6342e-01
-4.6103e-01
-7.3610e-01
-2.2050e-01
1.9393e-01
5.2710e-01
5.2710e-01
5.2710e-01
5.2710e-01
5.2710e-01
5.2710e-01
5.2710e-01
5.2710e-01
5.2710e-01
5.2710e-01
5.2710e-01
5.2710e-01
5.2710e-01
5.2710e-01
5.2710e-01
5.2710e-01
5.2710e-01
5.2710e-01
5.2710e-01
5.2710e-01
5.2710e-01
8.0564e-02
-1.6769e-01
-6.5983e-01
-4.9579e-01
-8.2708e-01
-3.2367e-01
8.5541e-02
5.2710e-01
5.2710e-01
5.2710e-01
5.2710e-01
5.2710e-01
5.2710e-01
5.2710e-01
5.2710e-01
5.2710e-01
5.2710e-01
5.2710e-01
5.2710e-01
5.2710e-01
5.2710e-01
5.2710e-01
5.2710e-01
5.2710e-01
5.2710e-01
5.2710e-01
5.2710e-01
5.2710e-01
8.0462e-02
-1.6780e-01
-7.3636e-01
-5.1577e-01
-8.1498e-01
-3.8550e-01
-2.0652e-02
5.2710e-01
5.2710e-01
5.2710e-01
5.2710e-01
5.2710e-01
5.2710e-01
5.2710e-01
5.2710e-01
5.2710e-01
5.2710e-01
5.2710e-01
5.2710e-01
5.2710e-01
5.2710e-01
5.2710e-01
5.2710e-01
5.2710e-01
5.2710e-01
5.2710e-01
5.2710e-01
5.2710e-01
1.2022e-01
-1.4042e-01
-5.4662e-01
-5.1222e-01
-7.6311e-01
-3.6700e-01
-3.7041e-02
5.2710e-01
5.2710e-01
5.2710e-01
5.2710e-01
5.2710e-01
5.2710e-01
5.2710e-01
5.2710e-01
5.2710e-01
5.2710e-01
5.2710e-01
5.2710e-01
5.2710e-01
5.2710e-01
5.2710e-01
5.2710e-01
5.2710e-01
5.2710e-01
5.2710e-01
5.2710e-01
5.2710e-01
3.6794e-01
5.2776e-02
-2.2692e-02
-6.0576e-02
-3.7929e-01
-2.8729e-01
2.9806e-02
5.2710e-01
5.2710e-01
5.2710e-01
5.2710e-01
5.2710e-01
5.2710e-01
5.2710e-01
5.2710e-01
5.2710e-01
5.2710e-01
5.2710e-01
5.2710e-01
5.2710e-01
5.2710e-01
5.2710e-01
5.2710e-01
5.2710e-01
5.2710e-01
5.2710e-01
5.2710e-01
5.2710e-01
5.5419e-01
4.1941e-01
5.3068e-01
5.9221e-01
3.9564e-01
1.7741e-01
2.6761e-01
5.2710e-01
5.2710e-01
5.2710e-01
5.2710e-01
5.2710e-01
5.2710e-01
5.2710e-01
5.2710e-01
5.2710e-01
5.2710e-01
5.2710e-01
5.2710e-01
5.2710e-01
5.2710e-01
5.2710e-01
5.2710e-01
5.2710e-01
5.2710e-01
5.2710e-01
5.2710e-01
5.2710e-01
7.3041e-01
6.4230e-01
6.8764e-01
8.3865e-01
8.7595e-01
6.5454e-01
5.4012e-01
5.2710e-01
5.2710e-01
5.2710e-01
5.2710e-01
5.2710e-01
5.2710e-01
5.2710e-01
-1.7630e-03
-1.7630e-03
-1.7630e-03
-1.7630e-03
-1.7630e-03
-1.7630e-03
-1.7630e-03
-1.7630e-03
-1.7630e-03
-1.7630e-03
-1.7630e-03
-1.7630e-03
-1.7630e-03
-1.7630e-03
-1.7630e-03
-1.7630e-03
-1.7630e-03
-1.7630e-03
-1.7630e-03
-1.7630e-03
-1.7630e-03
-1.7630e-03
-1.7630e-03
-1.7630e-03
-1.7630e-03
-1.7630e-03
-1.7630e-03
-1.7630e-03
-1.7630e-03
-1.7630e-03
-1.7630e-03
-1.7630e-03
-1.7630e-03
-1.7630e-03
-1.7630e-03
-1.7630e-03
-1.7630e-03
-1.7630e-03
-1.7630e-03
-1.7630e-03
-1.7630e-03
-1.7630e-03
-1.7630e-03
-1.7630e-03
-1.7630e-03
-1.7630e-03
-1.7630e-03
-1.7630e-03
-1.7630e-03
-1.7630e-03
-1.7630e-03
-1.7630e-03
-1.7630e-03
-1.7630e-03
-1.7630e-03
-1.7630e-03
-1.7630e-03
-1.7630e-03
-1.7630e-03
-1.7630e-03
-1.7630e-03
-1.7630e-03
-1.7630e-03
-1.7630e-03
-1.7630e-03
-1.7630e-03
-1.7630e-03
-1.7630e-03
-1.7630e-03
-1.7630e-03
-1.7630e-03
-1.7630e-03
-1.7630e-03
-1.7630e-03
-1.7630e-03
-1.7630e-03
-1.7630e-03
-1.7630e-03
-1.7630e-03
-1.7630e-03
-1.7630e-03
-1.7630e-03
-1.7630e-03
-1.7630e-03
-1.7630e-03
-1.7630e-03
-1.7630e-03
-1.7630e-03
-1.7630e-03
-1.7630e-03
-1.7630e-03
-1.7630e-03
-1.7630e-03
-1.7630e-03
-1.7630e-03
-1.7630e-03
-1.7630e-03
-1.7630e-03
-1.7630e-03
-1.7630e-03
-1.7630e-03
-1.7630e-03
-1.7630e-03
-1.7630e-03
-1.7630e-03
-1.7630e-03
-1.7630e-03
-1.7630e-03
-1.7630e-03
-1.7630e-03
-1.7630e-03
-1.7630e-03
-1.7630e-03
-1.7630e-03
-1.7630e-03
-1.7630e-03
-1.7630e-03
-1.7630e-03
-1.7630e-03
-1.7630e-03
-1.7630e-03
-1.7630e-03
-1.7630e-03
-1.7630e-03
-1.7630e-03
-1.7630e-03
-1.7630e-03
-1.7630e-03
-1.7630e-03
-1.7630e-03
-1.7630e-03
-1.7630e-03
-1.7630e-03
-1.7630e-03
-1.7630e-03
-1.7630e-03
-1.7630e-03
-1.7630e-03
-1.7630e-03
-1.7630e-03
-1.7630e-03
-1.7630e-03
-1.7630e-03
-1.7630e-03
-1.7630e-03
-1.7630e-03
-1.7630e-03
1.1433e-02
-8.3109e-02
-2.9839e-01
-3.6657e-01
-2.6044e-01
-1.1991e-01
-2.8671e-02
-5.5161e-02
-2.9660e-01
-4.1446e-01
-2.8007e-01
-1.2237e-01
-1.8730e-02
-1.7630e-03
-1.7630e-03
-1.7630e-03
-1.7630e-03
-1.7630e-03
-1.7630e-03
-1.7630e-03
-1.7630e-03
-1.7630e-03
-1.7630e-03
-1.7630e-03
-1.7630e-03
-1.7630e-03
-1.7630e-03
-1.7630e-03
1.5374e-02
-3.5538e-01
-9.8432e-01
-1.2422e+00
-1.1660e+00
-9.3238e-01
-7.1746e-01
-8.1563e-01
-1.2176e+00
-1.3443e+00
-8.9414e-01
-4.7942e-01
-1.0271e-01
-1.7630e-03
-1.7630e-03
-1.7630e-03
-1.7630e-03
-1.7630e-03
-1.7630e-03
-1.7630e-03
-1.7630e-03
-1.7630e-03
-1.7630e-03
-1.7630e-03
-1.7630e-03
-1.7630e-03
-1.7630e-03
-1.7630e-03
1.4192e-01
-3.1292e-01
-1.1973e+00
-1.6463e+00
-2.1226e+00
-2.1068e+00
-1.8485e+00
-1.6481e+00
-1.8532e+00
-1.7979e+00
-1.4447e+00
-9.6382e-01
-3.1830e-01
-1.4921e-02
-1.7630e-03
-1.7630e-03
-1.7630e-03
-1.7630e-03
-1.7630e-03
-1.7630e-03
-1.7630e-03
-1.7630e-03
-1.7630e-03
-1.7630e-03
-1.7630e-03
-1.7630e-03
-1.7630e-03
5.8542e-03
3.9040e-01
1.2144e-01
-4.4181e-01
-7.7477e-01
-1.4448e+00
-1.6268e+00
-1.6190e+00
-1.3603e+00
-1.3472e+00
-1.6144e+00
-1.5381e+00
-1.1196e+00
-5.6580e-01
-5.0823e-02
-1.7630e-03
-1.7630e-03
-1.7630e-03
-1.7630e-03
-1.7630e-03
-1.7630e-03
-1.7630e-03
-1.7630e-03
-1.7630e-03
-1.7630e-03
-1.7630e-03
-1.7630e-03
-1.7630e-03
3.8334e-03
4.7594e-01
4.3073e-01
2.6281e-01
3.3319e-01
2.9788e-01
3.4967e-01
2.9278e-01
2.8135e-01
1.0187e-01
-9.6720e-01
-1.1414e+00
-8.6207e-01
-6.4892e-01
-9.5395e-02
-1.7630e-03
-1.7630e-03
-1.7630e-03
-1.7630e-03
-1.7630e-03
-1.7630e-03
-1.7630e-03
-1.7630e-03
-1.7630e-03
-1.7630e-03
-1.7630e-03
-1.7630e-03
-1.7630e-03
8.0242e-02
4.8229e-01
5.7559e-01
2.2306e-01
5.8257e-01
1.0362e+00
1.5238e+00
2.0173e+00
1.9931e+00
1.4109e+00
-2.8379e-02
-6.5281e-01
-6.9971e-01
-5.9075e-01
-1.1160e-01
-1.7630e-03
-1.7630e-03
-1.7630e-03
-1.7630e-03
-1.7630e-03
-1.7630e-03
-1.7630e-03
-1.7630e-03
-1.7630e-03
-1.7630e-03
-1.7630e-03
-1.7630e-03
-1.7630e-03
2.1218e-01
5.9570e-01
7.0044e-01
-3.1477e-03
-3.4197e-03
3.8050e-01
9.3433e-01
1.7383e+00
2.1216e+00
1.6896e+00
3.9326e-01
-4.2533e-01
-7.9334e-01
-6.1958e-01
-1.3885e-01
-1.7630e-03
-1.7630e-03
-1.7630e-03
-1.7630e-03
-1.7630e-03
-1.7630e-03
-1.7630e-03
-1.7630e-03
-1.7630e-03
-1.7630e-03
-1.7630e-03
-1.7630e-03
-1.7630e-03
2.8024e-01
7.3620e-01
7.5900e-01
-9.2013e-02
-4.9578e-01
-3.7019e-01
-7.3636e-02
5.6037e-01
1.2295e+00
1.1813e+00
2.9128e-01
-4.6416e-01
-9.4563e-01
-6.9536e-01
-2.3518e-01
-1.7630e-03
-1.7630e-03
-1.7630e-03
-1.7630e-03
-1.7630e-03
-1.7630e-03
-1.7630e-03
-1.7630e-03
-1.7630e-03
-1.7630e-03
-1.7630e-03
-1.7630e-03
-1.7630e-03
2.8799e-01
7.9754e-01
8.1742e-01
-4.5640e-02
-5.8111e-01
-6.2124e-01
-4.7145e-01
1.8822e-02
6.9270e-01
8.9875e-01
2.0639e-01
-5.2928e-01
-8.7528e-01
-6.6361e-01
-3.3159e-01
-1.7630e-03
-1.7630e-03
-1.7630e-03
-1.7630e-03
-1.7630e-03
-1.7630e-03
-1.7630e-03
-1.7630e-03
-1.7630e-03
-1.7630e-03
-1.7630e-03
-1.7630e-03
-1.7630e-03
2.8050e-01
8.7648e-01
1.1431e+00
4.1605e-01
-2.1561e-01
-4.4294e-01
-4.6092e-01
-3.9793e-02
6.3594e-01
8.7091e-01
2.8921e-01
-4.0179e-01
-7.4656e-01
-5.8761e-01
-3.3516e-01
-1.7630e-03
-1.7630e-03
-1.7630e-03
-1.7630e-03
-1.7630e-03
-1.7630e-03
-1.7630e-03
-1.7630e-03
-1.7630e-03
-1.7630e-03
-1.7630e-03
-1.7630e-03
-1.7630e-03
2.5773e-01
9.5561e-01
1.5471e+00
1.1472e+00
5.0922e-01
1.6386e-02
-2.9707e-01
-2.7463e-02
6.3575e-01
8.6873e-01
3.1162e-01
-3.0157e-01
-7.4956e-01
-5.6179e-01
-2.8979e-01
-1.7630e-03
-1.7630e-03
-1.7630e-03
-1.7630e-03
-1.7630e-03
-1.7630e-03
-1.7630e-03
-1.7630e-03
-1.7630e-03
-1.7630e-03
-1.7630e-03
-1.7630e-03
-1.7630e-03
1.3446e-01
6.6332e-01
1.3358e+00
1.2118e+00
8.2782e-01
3.9648e-01
-4.0692e-02
-6.8672e-03
6.3556e-01
8.6805e-01
3.1046e-01
-3.0239e-01
-7.5028e-01
-5.6235e-01
-2.8979e-01
-1.7630e-03
-1.7630e-03
-1.7630e-03
-1.7630e-03
-1.7630e-03
-1.7630e-03
-1.7630e-03
-1.7630e-03
-1.7630e-03
-1.7630e-03
-1.7630e-03
-1.7630e-03
-1.7630e-03
2.1868e-02
2.1473e-01
5.9567e-01
6.2444e-01
4.0429e-01
3.2342e-01
1.2383e-01
7.4012e-03
6.3676e-01
8.7076e-01
3.1451e-01
-2.9871e-01
-7.4930e-01
-5.6252e-01
-2.8979e-01
-1.7630e-03
-1.7630e-03
-1.7630e-03
-1.7630e-03
-1.7630e-03
-1.7630e-03
-1.7630e-03
-1.7630e-03
-1.7630e-03
-1.7630e-03
-1.7630e-03
-1.7630e-03
-1.7630e-03
-1.7630e-03
1.0643e-02
9.1198e-02
1.7467e-01
2.3533e-02
6.5089e-02
7.8575e-02
4.4947e-03
6.3696e-01
8.7226e-01
3.1676e-01
-2.9716e-01
-7.4776e-01
-5.6159e-01
-2.8979e-01
-1.7630e-03
-1.7630e-03
-1.7630e-03
-1.7630e-03
-1.7630e-03
-1.7630e-03
-1.7630e-03
-1.7630e-03
-1.7630e-03
-1.7630e-03
-1.7630e-03
-1.7630e-03
-1.7630e-03
-1.7630e-03
-1.7630e-03
-1.7630e-03
-1.7630e-03
-1.7630e-03
-1.7630e-03
-1.7630e-03
-1.7630e-03
6.3594e-01
8.7091e-01
3.1491e-01
-2.9917e-01
-7.4759e-01
-5.6092e-01
-2.8979e-01
-1.7630e-03
-1.7630e-03
-1.7630e-03
-1.7630e-03
-1.7630e-03
-1.7630e-03
-1.7630e-03
-1.7630e-03
-1.7630e-03
-1.7630e-03
-1.7630e-03
-1.7630e-03
-1.7630e-03
-1.7630e-03
-1.7630e-03
-1.7630e-03
-1.7630e-03
-1.7630e-03
-1.7630e-03
-1.7630e-03
-1.7630e-03
6.3575e-01
8.6873e-01
3.1828e-01
-3.5198e-01
-8.3052e-01
-6.1100e-01
-3.1126e-01
-1.7630e-03
-1.7630e-03
-1.7630e-03
-1.7630e-03
-1.7630e-03
-1.7630e-03
-1.7630e-03
-1.7630e-03
-1.7630e-03
-1.7630e-03
-1.7630e-03
-1.7630e-03
-1.7630e-03
-1.7630e-03
-1.7630e-03
-1.7630e-03
-1.7630e-03
-1.7630e-03
-1.7630e-03
-1.7630e-03
-1.7630e-03
6.3556e-01
8.6805e-01
3.1668e-01
-4.6881e-01
-1.0097e+00
-7.0472e-01
-3.8246e-01
-1.7630e-03
-1.7630e-03
-1.7630e-03
-1.7630e-03
-1.7630e-03
-1.7630e-03
-1.7630e-03
-1.7630e-03
-1.7630e-03
-1.7630e-03
-1.7630e-03
-1.7630e-03
-1.7630e-03
-1.7630e-03
-1.7630e-03
-1.7630e-03
-1.7630e-03
-1.7630e-03
-1.7630e-03
-1.7630e-03
-1.7630e-03
6.3676e-01
8.7076e-01
3.8635e-01
-5.0885e-01
-1.0584e+00
-7.3416e-01
-4.8832e-01
-1.7630e-03
-1.7630e-03
-1.7630e-03
-1.7630e-03
-1.7630e-03
-1.7630e-03
-1.7630e-03
-1.7630e-03
-1.7630e-03
-1.7630e-03
-1.7630e-03
-1.7630e-03
-1.7630e-03
-1.7630e-03
-1.7630e-03
-1.7630e-03
-1.7630e-03
-1.7630e-03
-1.7630e-03
-1.7630e-03
-1.7630e-03
6.3696e-01
8.7226e-01
5.1784e-01
-4.0501e-01
-9.3911e-01
-6.7538e-01
-5.4388e-01
-1.7630e-03
-1.7630e-03
-1.7630e-03
-1.7630e-03
-1.7630e-03
-1.7630e-03
-1.7630e-03
-1.7630e-03
-1.7630e-03
-1.7630e-03
-1.7630e-03
-1.7630e-03
-1.7630e-03
-1.7630e-03
-1.7630e-03
-1.7630e-03
-1.7630e-03
-1.7630e-03
-1.7630e-03
-1.7630e-03
-1.7630e-03
6.1609e-01
1.0176e+00
8.5128e-01
-4.8551e-03
-6.6824e-01
-5.3922e-01
-4.8748e-01
-1.7630e-03
-1.7630e-03
-1.7630e-03
-1.7630e-03
-1.7630e-03
-1.7630e-03
-1.7630e-03
-1.7630e-03
-1.7630e-03
-1.7630e-03
-1.7630e-03
-1.7630e-03
-1.7630e-03
-1.7630e-03
-1.7630e-03
-1.7630e-03
-1.7630e-03
-1.7630e-03
-1.7630e-03
-1.7630e-03
-1.7630e-03
6.2580e-01
1.2757e+00
1.5010e+00
8.5984e-01
1.0810e-01
-2.0567e-01
-3.2833e-01
-1.7630e-03
-1.7630e-03
-1.7630e-03
-1.7630e-03
-1.7630e-03
-1.7630e-03
-1.7630e-03
-1.7630e-03
-1.7630e-03
-1.7630e-03
-1.7630e-03
-1.7630e-03
-1.7630e-03
-1.7630e-03
-1.7630e-03
-1.7630e-03
-1.7630e-03
-1.7630e-03
-1.7630e-03
-1.7630e-03
-1.7630e-03
4.2339e-01
1.2785e+00
1.6804e+00
1.4747e+00
8.2372e-01
1.6874e-01
-8.4560e-02
-1.7630e-03
-1.7630e-03
-1.7630e-03
-1.7630e-03
-1.7630e-03
-1.7630e-03
-1.7630e-03
-1.7630e-03
-1.7630e-03
-1.7630e-03
-1.7630e-03
-1.7630e-03
-1.7630e-03
-1.7630e-03
-1.7630e-03
-1.7630e-03
-1.7630e-03
-1.7630e-03
-1.7630e-03
-1.7630e-03
-1.7630e-03
1.2840e-01
7.0186e-01
9.8064e-01
9.7543e-01
6.0733e-01
3.0624e-01
1.0523e-01
-1.7630e-03
-1.7630e-03
-1.7630e-03
-1.7630e-03
-1.7630e-03
-1.7630e-03
-1.7630e-03
3.2144e-02
3.2144e-02
3.2144e-02
3.2144e-02
3.2144e-02
3.2144e-02
3.2144e-02
3.2144e-02
3.2144e-02
3.2144e-02
3.2144e-02
3.2144e-02
3.2144e-02
3.2144e-02
3.2144e-02
3.2144e-02
3.2144e-02
3.2144e-02
3.2144e-02
3.2144e-02
3.2144e-02
3.2144e-02
3.2144e-02
3.2144e-02
3.2144e-02
3.2144e-02
3.2144e-02
3.2144e-02
3.2144e-02
3.2144e-02
3.2144e-02
3.2144e-02
3.2144e-02
3.2144e-02
3.2144e-02
3.2144e-02
3.2144e-02
3.2144e-02
3.2144e-02
3.2144e-02
3.2144e-02
3.2144e-02
3.2144e-02
3.2144e-02
3.2144e-02
3.2144e-02
3.2144e-02
3.2144e-02
3.2144e-02
3.2144e-02
3.2144e-02
3.2144e-02
3.2144e-02
3.2144e-02
3.2144e-02
3.2144e-02
3.2144e-02
3.2144e-02
3.2144e-02
3.2144e-02
3.2144e-02
3.2144e-02
3.2144e-02
3.2144e-02
3.2144e-02
3.2144e-02
3.2144e-02
3.2144e-02
3.2144e-02
3.2144e-02
3.2144e-02
3.2144e-02
3.2144e-02
3.2144e-02
3.2144e-02
3.2144e-02
3.2144e-02
3.2144e-02
3.2144e-02
3.2144e-02
3.2144e-02
3.2144e-02
3.2144e-02
3.2144e-02
3.2144e-02
3.2144e-02
3.2144e-02
3.2144e-02
3.2144e-02
3.2144e-02
3.2144e-02
3.2144e-02
3.2144e-02
3.2144e-02
3.2144e-02
3.2144e-02
3.2144e-02
3.2144e-02
3.2144e-02
3.2144e-02
3.2144e-02
3.2144e-02
3.2144e-02
3.2144e-02
3.2144e-02
3.2144e-02
3.2144e-02
3.2144e-02
3.2144e-02
3.2144e-02
3.2144e-02
3.2144e-02
3.2144e-02
3.2144e-02
3.2144e-02
3.2144e-02
3.2144e-02
3.2144e-02
3.2144e-02
3.2144e-02
3.2144e-02
3.2144e-02
3.2144e-02
3.2144e-02
3.2144e-02
3.2144e-02
3.2144e-02
3.2144e-02
3.2144e-02
3.2144e-02
3.2144e-02
3.2144e-02
3.2144e-02
3.2144e-02
3.2144e-02
3.2144e-02
3.2144e-02
3.2144e-02
3.2144e-02
3.2144e-02
3.2144e-02
3.2144e-02
3.2144e-02
3.2144e-02
3.2144e-02
3.2144e-02
3.2144e-02
-1.3322e-01
-3.9300e-01
-2.7712e-01
2.9436e-02
3.9022e-02
-3.6636e-02
-1.0357e-01
-4.1117e-01
-3.7826e-01
4.3081e-02
1.0873e-01
-5.9888e-02
8.6325e-03
3.2144e-02
3.2144e-02
3.2144e-02
3.2144e-02
3.2144e-02
3.2144e-02
3.2144e-02
3.2144e-02
3.2144e-02
3.2144e-02
3.2144e-02
3.2144e-02
3.2144e-02
3.2144e-02
3.2144e-02
-3.8743e-01
-7.4605e-01
-3.7371e-01
1.0532e-02
-9.1744e-02
-3.0747e-01
-6.0064e-01
-7.5829e-01
-2.8627e-01
3.8486e-01
5.2513e-01
1.8150e-01
-1.9345e-02
3.2144e-02
3.2144e-02
3.2144e-02
3.2144e-02
3.2144e-02
3.2144e-02
3.2144e-02
3.2144e-02
3.2144e-02
3.2144e-02
3.2144e-02
3.2144e-02
3.2144e-02
3.2144e-02
3.2144e-02
-3.0146e-01
-7.0039e-02
9.9008e-01
1.6863e+00
1.4234e+00
8.1888e-01
3.4954e-01
7.0478e-01
1.4586e+00
2.1856e+00
2.0102e+00
1.1045e+00
1.3008e-01
1.3911e-02
3.2144e-02
3.2144e-02
3.2144e-02
3.2144e-02
3.2144e-02
3.2144e-02
3.2144e-02
3.2144e-02
3.2144e-02
3.2144e-02
3.2144e-02
3.2144e-02
3.2144e-02
-6.3307e-02
-4.6427e-02
1.2638e+00
3.6596e+00
5.0377e+00
4.9611e+00
4.0391e+00
3.7507e+00
4.2821e+00
5.0253e+00
5.0896e+00
4.1496e+00
2.2243e+00
5.6396e-01
3.2714e-02
3.2144e-02
3.2144e-02
3.2144e-02
3.2144e-02
3.2144e-02
3.2144e-02
3.2144e-02
3.2144e-02
3.2144e-02
3.2144e-02
3.2144e-02
3.2144e-02
3.2144e-02
-1.5622e-01
1.7753e-01
2.3938e+00
5.8311e+00
7.7990e+00
7.8149e+00
7.1022e+00
7.3056e+00
7.6436e+00
7.9480e+00
7.5646e+00
5.6644e+00
2.9049e+00
1.0311e+00
1.2107e-01
3.2144e-02
3.2144e-02
3.2144e-02
3.2144e-02
3.2144e-02
3.2144e-02
3.2144e-02
3.2144e-02
3.2144e-02
3.2144e-02
3.2144e-02
3.2144e-02
3.2144e-02
-8.2075e-02
4.7846e-01
3.1150e+00
6.5184e+00
8.2057e+00
7.8330e+00
7.2039e+00
7.4354e+00
7.7433e+00
7.8543e+00
7.8100e+00
6.1796e+00
3.3541e+00
1.2165e+00
1.7977e-01
3.2144e-02
3.2144e-02
3.2144e-02
3.2144e-02
3.2144e-02
3.2144e-02
3.2144e-02
3.2144e-02
3.2144e-02
3.2144e-02
3.2144e-02
3.2144e-02
3.2144e-02
7.4230e-02
8.9264e-01
3.5660e+00
6.5121e+00
7.1577e+00
5.7441e+00
4.5480e+00
4.3871e+00
4.7276e+00
5.4505e+00
6.5180e+00
5.8169e+00
3.5115e+00
1.2481e+00
1.2517e-01
3.2144e-02
3.2144e-02
3.2144e-02
3.2144e-02
3.2144e-02
3.2144e-02
3.2144e-02
3.2144e-02
3.2144e-02
3.2144e-02
3.2144e-02
3.2144e-02
3.2144e-02
1.5437e-01
1.2108e+00
3.8794e+00
6.4747e+00
6.2192e+00
3.8885e+00
2.1099e+00
1.5751e+00
1.8554e+00
3.2785e+00
5.2496e+00
5.4732e+00
3.7203e+00
1.4351e+00
2.1040e-01
3.2144e-02
3.2144e-02
3.2144e-02
3.2144e-02
3.2144e-02
3.2144e-02
3.2144e-02
3.2144e-02
3.2144e-02
3.2144e-02
3.2144e-02
3.2144e-02
3.2144e-02
2.0190e-01
1.3696e+00
3.9955e+00
6.4388e+00
5.9553e+00
3.2608e+00
1.0533e+00
2.5294e-01
5.2830e-01
2.5104e+00
5.2557e+00
5.9187e+00
4.2054e+00
1.7856e+00
4.3528e-01
3.2144e-02
3.2144e-02
3.2144e-02
3.2144e-02
3.2144e-02
3.2144e-02
3.2144e-02
3.2144e-02
3.2144e-02
3.2144e-02
3.2144e-02
3.2144e-02
3.2144e-02
3.2509e-01
1.7414e+00
4.3417e+00
6.4465e+00
5.8412e+00
3.2741e+00
1.0401e+00
1.0174e-01
3.2422e-01
2.4021e+00
5.4004e+00
6.3457e+00
4.5884e+00
2.0418e+00
5.5504e-01
3.2144e-02
3.2144e-02
3.2144e-02
3.2144e-02
3.2144e-02
3.2144e-02
3.2144e-02
3.2144e-02
3.2144e-02
3.2144e-02
3.2144e-02
3.2144e-02
3.2144e-02
3.4048e-01
1.7473e+00
4.2234e+00
5.9907e+00
5.1661e+00
2.9021e+00
1.0359e+00
1.0259e-01
3.2252e-01
2.3965e+00
5.4253e+00
6.5486e+00
4.7904e+00
2.0676e+00
4.8908e-01
3.2144e-02
3.2144e-02
3.2144e-02
3.2144e-02
3.2144e-02
3.2144e-02
3.2144e-02
3.2144e-02
3.2144e-02
3.2144e-02
3.2144e-02
3.2144e-02
3.2144e-02
1.9067e-01
1.1020e+00
2.9391e+00
4.1592e+00
3.3999e+00
1.7840e+00
6.6935e-01
7.5635e-02
3.2322e-01
2.3992e+00
5.4288e+00
6.5510e+00
4.7925e+00
2.0686e+00
4.8908e-01
3.2144e-02
3.2144e-02
3.2144e-02
3.2144e-02
3.2144e-02
3.2144e-02
3.2144e-02
3.2144e-02
3.2144e-02
3.2144e-02
3.2144e-02
3.2144e-02
3.2144e-02
6.0587e-02
3.6464e-01
1.2365e+00
1.9715e+00
1.4231e+00
5.2234e-01
1.0759e-01
3.4623e-02
3.2525e-01
2.4041e+00
5.4347e+00
6.5560e+00
4.7962e+00
2.0704e+00
4.8908e-01
3.2144e-02
3.2144e-02
3.2144e-02
3.2144e-02
3.2144e-02
3.2144e-02
3.2144e-02
3.2144e-02
3.2144e-02
3.2144e-02
3.2144e-02
3.2144e-02
3.2144e-02
3.2144e-02
4.7076e-02
1.8329e-01
4.7981e-01
4.1338e-01
7.1319e-02
-7.5782e-02
2.3045e-02
3.2538e-01
2.4050e+00
5.4347e+00
6.5548e+00
4.7949e+00
2.0696e+00
4.8908e-01
3.2144e-02
3.2144e-02
3.2144e-02
3.2144e-02
3.2144e-02
3.2144e-02
3.2144e-02
3.2144e-02
3.2144e-02
3.2144e-02
3.2144e-02
3.2144e-02
3.2144e-02
3.2144e-02
3.2144e-02
3.2144e-02
3.2144e-02
3.2144e-02
3.2144e-02
3.2144e-02
3.2144e-02
3.2422e-01
2.4021e+00
5.4313e+00
6.5505e+00
4.7900e+00
2.0673e+00
4.8908e-01
3.2144e-02
3.2144e-02
3.2144e-02
3.2144e-02
3.2144e-02
3.2144e-02
3.2144e-02
3.2144e-02
3.2144e-02
3.2144e-02
3.2144e-02
3.2144e-02
3.2144e-02
3.2144e-02
3.2144e-02
3.2144e-02
3.2144e-02
3.2144e-02
3.2144e-02
3.2144e-02
3.2144e-02
3.2252e-01
2.3965e+00
5.3420e+00
6.4522e+00
4.8055e+00
2.0944e+00
4.5933e-01
3.2144e-02
3.2144e-02
3.2144e-02
3.2144e-02
3.2144e-02
3.2144e-02
3.2144e-02
3.2144e-02
3.2144e-02
3.2144e-02
3.2144e-02
3.2144e-02
3.2144e-02
3.2144e-02
3.2144e-02
3.2144e-02
3.2144e-02
3.2144e-02
3.2144e-02
3.2144e-02
3.2144e-02
3.2322e-01
2.3992e+00
5.2476e+00
6.4212e+00
4.9200e+00
2.2040e+00
4.7251e-01
3.2144e-02
3.2144e-02
3.2144e-02
3.2144e-02
3.2144e-02
3.2144e-02
3.2144e-02
3.2144e-02
3.2144e-02
3.2144e-02
3.2144e-02
3.2144e-02
3.2144e-02
3.2144e-02
3.2144e-02
3.2144e-02
3.2144e-02
3.2144e-02
3.2144e-02
3.2144e-02
3.2144e-02
3.2525e-01
2.4041e+00
5.3114e+00
6.6590e+00
5.2862e+00
2.4810e+00
6.3656e-01
3.2144e-02
3.2144e-02
3.2144e-02
3.2144e-02
3.2144e-02
3.2144e-02
3.2144e-02
3.2144e-02
3.2144e-02
3.2144e-02
3.2144e-02
3.2144e-02
3.2144e-02
3.2144e-02
3.2144e-02
3.2144e-02
3.2144e-02
3.2144e-02
3.2144e-02
3.2144e-02
3.2144e-02
3.2538e-01
2.4050e+00
5.4644e+00
7.0584e+00
5.7318e+00
2.8084e+00
8.2914e-01
3.2144e-02
3.2144e-02
3.2144e-02
3.2144e-02
3.2144e-02
3.2144e-02
3.2144e-02
3.2144e-02
3.2144e-02
3.2144e-02
3.2144e-02
3.2144e-02
3.2144e-02
3.2144e-02
3.2144e-02
3.2144e-02
3.2144e-02
3.2144e-02
3.2144e-02
3.2144e-02
3.2144e-02
5.7294e-01
2.7367e+00
5.6759e+00
7.4255e+00
6.0925e+00
2.9281e+00
8.9029e-01
3.2144e-02
3.2144e-02
3.2144e-02
3.2144e-02
3.2144e-02
3.2144e-02
3.2144e-02
3.2144e-02
3.2144e-02
3.2144e-02
3.2144e-02
3.2144e-02
3.2144e-02
3.2144e-02
3.2144e-02
3.2144e-02
3.2144e-02
3.2144e-02
3.2144e-02
3.2144e-02
3.2144e-02
7.5526e-01
3.0217e+00
5.9663e+00
7.3329e+00
5.7850e+00
2.8280e+00
8.8839e-01
3.2144e-02
3.2144e-02
3.2144e-02
3.2144e-02
3.2144e-02
3.2144e-02
3.2144e-02
3.2144e-02
3.2144e-02
3.2144e-02
3.2144e-02
3.2144e-02
3.2144e-02
3.2144e-02
3.2144e-02
3.2144e-02
3.2144e-02
3.2144e-02
3.2144e-02
3.2144e-02
3.2144e-02
5.3001e-01
2.4626e+00
4.7676e+00
5.7214e+00
4.2210e+00
2.0903e+00
5.9940e-01
3.2144e-02
3.2144e-02
3.2144e-02
3.2144e-02
3.2144e-02
3.2144e-02
3.2144e-02
3.2144e-02
3.2144e-02
3.2144e-02
3.2144e-02
3.2144e-02
3.2144e-02
3.2144e-02
3.2144e-02
3.2144e-02
3.2144e-02
3.2144e-02
3.2144e-02
3.2144e-02
3.2144e-02
1.8562e-01
1.1892e+00
2.5793e+00
2.9457e+00
1.8648e+00
7.2521e-01
9.2561e-02
3.2144e-02
3.2144e-02
3.2144e-02
3.2144e-02
3.2144e-02
3.2144e-02
3.2144e-02