2.6218e-01
2.6218e-01
2.6218e-01
2.6218e-01
2.6218e-01
2.6218e-01
2.6218e-01
2.6218e-01
2.6218e-01
2.6218e-01
2.6218e-01
2.6218e-01
2.6218e-01
2.6218e-01
2.6218e-01
2.6218e-01
2.6218e-01
2.6218e-01
2.6218e-01
2.6218e-01
2.6218e-01
2.6218e-01
2.6218e-01
2.6218e-01
2.6218e-01
2.6218e-01
2.6218e-01
2.6218e-01
2.6218e-01
2.6218e-01
2.6218e-01
2.6218e-01
2.6218e-01
2.6218e-01
2.6218e-01
2.6218e-01
2.6218e-01
2.6218e-01
2.6218e-01
2.6218e-01
2.6218e-01
2.6218e-01
2.6218e-01
2.6218e-01
2.6218e-01
2.6218e-01
2.6218e-01
2.6218e-01
2.6218e-01
2.6218e-01
2.6218e-01
2.6218e-01
2.6218e-01
2.6218e-01
2.6218e-01
2.6218e-01
2.6218e-01
2.6218e-01
2.6218e-01
2.6218e-01
2.6218e-01
2.6218e-01
2.6218e-01
2.6218e-01
2.6218e-01
2.6218e-01
2.6218e-01
2.6218e-01
2.6218e-01
2.6218e-01
2.6218e-01
2.6218e-01
2.6218e-01
2.6218e-01
2.6218e-01
2.6218e-01
2.6218e-01
2.6218e-01
2.6218e-01
2.6218e-01
2.6218e-01
2.6218e-01
2.6218e-01
2.6218e-01
2.6218e-01
2.6218e-01
2.6218e-01
2.6218e-01
2.6218e-01
2.6218e-01
2.6218e-01
2.6218e-01
2.6218e-01
2.6218e-01
2.6218e-01
2.6218e-01
2.6218e-01
2.6218e-01
2.6218e-01
2.6218e-01
2.6218e-01
2.6218e-01
2.6218e-01
2.6218e-01
2.6218e-01
2.6218e-01
2.6218e-01
2.6218e-01
2.6218e-01
2.6218e-01
2.6218e-01
2.6218e-01
2.6218e-01
2.6218e-01
2.6218e-01
2.6218e-01
2.6218e-01
2.6218e-01
2.6218e-01
2.6218e-01
2.6218e-01
2.6218e-01
2.6218e-01
2.6218e-01
2.6218e-01
2.6218e-01
2.6218e-01
2.6218e-01
2.6218e-01
2.6218e-01
2.6218e-01
2.6218e-01
2.6218e-01
2.6218e-01
2.6218e-01
2.6218e-01
2.6218e-01
2.6218e-01
2.6218e-01
2.6218e-01
2.6218e-01
2.6218e-01
2.6218e-01
2.6218e-01
2.6218e-01
2.6218e-01
2.6218e-01
2.6688e-01
3.0226e-01
2.6702e-01
2.7378e-01
4.0021e-01
3.7813e-01
3.0225e-01
2.9721e-01
3.0395e-01
2.3277e-01
4.0260e-01
4.1604e-01
2.8917e-01
2.6218e-01
2.6218e-01
2.6218e-01
2.6218e-01
2.6218e-01
2.6218e-01
2.6218e-01
2.6218e-01
2.6218e-01
2.6218e-01
2.6218e-01
2.6218e-01
2.6218e-01
2.6218e-01
2.6218e-01
2.8306e-01
3.8270e-01
3.4286e-01
6.3013e-01
9.2394e-01
8.0679e-01
5.9295e-01
5.3600e-01
5.4777e-01
6.7951e-01
9.1706e-01
8.4962e-01
4.1427e-01
2.6218e-01
2.6218e-01
2.6218e-01
2.6218e-01
2.6218e-01
2.6218e-01
2.6218e-01
2.6218e-01
2.6218e-01
2.6218e-01
2.6218e-01
2.6218e-01
2.6218e-01
2.6218e-01
2.6218e-01
2.9163e-01
3.2699e-01
4.3029e-01
1.1774e+00
1.6350e+00
1.4706e+00
1.3024e+00
1.1607e+00
1.1301e+00
1.5389e+00
1.5256e+00
1.2019e+00
6.4289e-01
2.8311e-01
2.6218e-01
2.6218e-01
2.6218e-01
2.6218e-01
2.6218e-01
2.6218e-01
2.6218e-01
2.6218e-01
2.6218e-01
2.6218e-01
2.6218e-01
2.6218e-01
2.6218e-01
2.6489e-01
2.5716e-01
6.4268e-02
3.6164e-01
1.2748e+00
2.1067e+00
1.9378e+00
1.6340e+00
1.4660e+00
1.5319e+00
1.8044e+00
2.0397e+00
1.6988e+00
8.8961e-01
3.3365e-01
2.6218e-01
2.6218e-01
2.6218e-01
2.6218e-01
2.6218e-01
2.6218e-01
2.6218e-01
2.6218e-01
2.6218e-01
2.6218e-01
2.6218e-01
2.6218e-01
2.6218e-01
2.7270e-01
3.8119e-02
0.0000e+00
0.0000e+00
9.3145e-01
1.8024e+00
1.6335e+00
1.2246e+00
9.8280e-01
1.2639e+00
1.4893e+00
1.9936e+00
2.0069e+00
1.0780e+00
3.5333e-01
2.6218e-01
2.6218e-01
2.6218e-01
2.6218e-01
2.6218e-01
2.6218e-01
2.6218e-01
2.6218e-01
2.6218e-01
2.6218e-01
2.6218e-01
2.6218e-01
2.6218e-01
2.7404e-01
0.0000e+00
0.0000e+00
0.0000e+00
4.5463e-01
9.1555e-01
3.6568e-01
0.0000e+00
0.0000e+00
2.8731e-01
7.3133e-01
1.5636e+00
2.0309e+00
1.2290e+00
3.9418e-01
2.6218e-01
2.6218e-01
2.6218e-01
2.6218e-01
2.6218e-01
2.6218e-01
2.6218e-01
2.6218e-01
2.6218e-01
2.6218e-01
2.6218e-01
2.6218e-01
2.6218e-01
2.4412e-01
0.0000e+00
0.0000e+00
0.0000e+00
6.5226e-01
9.4300e-01
0.0000e+00
0.0000e+00
0.0000e+00
0.0000e+00
1.6823e-01
1.3084e+00
1.9382e+00
1.3191e+00
4.7913e-01
2.6218e-01
2.6218e-01
2.6218e-01
2.6218e-01
2.6218e-01
2.6218e-01
2.6218e-01
2.6218e-01
2.6218e-01
2.6218e-01
2.6218e-01
2.6218e-01
2.6218e-01
1.1970e-01
0.0000e+00
0.0000e+00
0.0000e+00
1.1054e+00
1.4487e+00
3.5976e-01
0.0000e+00
0.0000e+00
0.0000e+00
0.0000e+00
1.1070e+00
1.9720e+00
1.4607e+00
5.9788e-01
2.6218e-01
2.6218e-01
2.6218e-01
2.6218e-01
2.6218e-01
2.6218e-01
2.6218e-01
2.6218e-01
2.6218e-01
2.6218e-01
2.6218e-01
2.6218e-01
2.6218e-01
6.4106e-02
0.0000e+00
0.0000e+00
8.6164e-02
1.3989e+00
1.9734e+00
1.0828e+00
2.0737e-01
0.0000e+00
0.0000e+00
0.0000e+00
9.4102e-01
2.0437e+00
1.5740e+00
6.4521e-01
2.6218e-01
2.6218e-01
2.6218e-01
2.6218e-01
2.6218e-01
2.6218e-01
2.6218e-01
2.6218e-01
2.6218e-01
2.6218e-01
2.6218e-01
2.6218e-01
2.6218e-01
5.7542e-02
0.0000e+00
0.0000e+00
3.4412e-02
1.2266e+00
1.8161e+00
1.1022e+00
3.2593e-01
0.0000e+00
0.0000e+00
0.0000e+00
8.5926e-01
1.9935e+00
1.6537e+00
7.1778e-01
2.6218e-01
2.6218e-01
2.6218e-01
2.6218e-01
2.6218e-01
2.6218e-01
2.6218e-01
2.6218e-01
2.6218e-01
2.6218e-01
2.6218e-01
2.6218e-01
2.6218e-01
5.2489e-02
0.0000e+00
0.0000e+00
0.0000e+00
8.1036e-01
1.3284e+00
8.6886e-01
3.0787e-01
0.0000e+00
0.0000e+00
0.0000e+00
7.7833e-01
1.9042e+00
1.6297e+00
7.4308e-01
2.6218e-01
2.6218e-01
2.6218e-01
2.6218e-01
2.6218e-01
2.6218e-01
2.6218e-01
2.6218e-01
2.6218e-01
2.6218e-01
2.6218e-01
2.6218e-01
2.6218e-01
6.5258e-02
0.0000e+00
0.0000e+00
0.0000e+00
3.1108e-01
8.4812e-01
6.1480e-01
2.8915e-01
0.0000e+00
0.0000e+00
0.0000e+00
7.8004e-01
1.9058e+00
1.6304e+00
7.4308e-01
2.6218e-01
2.6218e-01
2.6218e-01
2.6218e-01
2.6218e-01
2.6218e-01
2.6218e-01
2.6218e-01
2.6218e-01
2.6218e-01
2.6218e-01
2.6218e-01
2.6218e-01
1.3825e-01
0.0000e+00
0.0000e+00
0.0000e+00
0.0000e+00
4.0863e-01
4.5514e-01
2.7758e-01
0.0000e+00
0.0000e+00
0.0000e+00
7.8028e-01
1.9046e+00
1.6295e+00
7.4308e-01
2.6218e-01
2.6218e-01
2.6218e-01
2.6218e-01
2.6218e-01
2.6218e-01
2.6218e-01
2.6218e-01
2.6218e-01
2.6218e-01
2.6218e-01
2.6218e-01
2.6218e-01
2.6218e-01
1.9712e-01
0.0000e+00
6.0818e-02
8.6508e-02
2.2094e-01
3.0159e-01
2.6568e-01
0.0000e+00
0.0000e+00
0.0000e+00
7.7885e-01
1.9049e+00
1.6299e+00
7.4308e-01
2.6218e-01
2.6218e-01
2.6218e-01
2.6218e-01
2.6218e-01
2.6218e-01
2.6218e-01
2.6218e-01
2.6218e-01
2.6218e-01
2.6218e-01
2.6218e-01
2.6218e-01
2.6218e-01
2.6218e-01
2.6218e-01
2.6218e-01
2.6218e-01
2.6218e-01
2.6218e-01
2.6218e-01
0.0000e+00
0.0000e+00
0.0000e+00
7.7689e-01
1.9031e+00
1.6294e+00
7.4308e-01
2.6218e-01
2.6218e-01
2.6218e-01
2.6218e-01
2.6218e-01
2.6218e-01
2.6218e-01
2.6218e-01
2.6218e-01
2.6218e-01
2.6218e-01
2.6218e-01
2.6218e-01
2.6218e-01
2.6218e-01
2.6218e-01
2.6218e-01
2.6218e-01
2.6218e-01
2.6218e-01
2.6218e-01
0.0000e+00
0.0000e+00
0.0000e+00
7.9518e-01
1.8818e+00
1.6599e+00
7.7722e-01
2.6218e-01
2.6218e-01
2.6218e-01
2.6218e-01
2.6218e-01
2.6218e-01
2.6218e-01
2.6218e-01
2.6218e-01
2.6218e-01
2.6218e-01
2.6218e-01
2.6218e-01
2.6218e-01
2.6218e-01
2.6218e-01
2.6218e-01
2.6218e-01
2.6218e-01
2.6218e-01
2.6218e-01
0.0000e+00
0.0000e+00
0.0000e+00
8.2181e-01
1.8942e+00
1.7688e+00
8.7977e-01
2.6218e-01
2.6218e-01
2.6218e-01
2.6218e-01
2.6218e-01
2.6218e-01
2.6218e-01
2.6218e-01
2.6218e-01
2.6218e-01
2.6218e-01
2.6218e-01
2.6218e-01
2.6218e-01
2.6218e-01
2.6218e-01
2.6218e-01
2.6218e-01
2.6218e-01
2.6218e-01
2.6218e-01
0.0000e+00
0.0000e+00
0.0000e+00
7.8792e-01
1.9718e+00
1.8964e+00
9.5827e-01
2.6218e-01
2.6218e-01
2.6218e-01
2.6218e-01
2.6218e-01
2.6218e-01
2.6218e-01
2.6218e-01
2.6218e-01
2.6218e-01
2.6218e-01
2.6218e-01
2.6218e-01
2.6218e-01
2.6218e-01
2.6218e-01
2.6218e-01
2.6218e-01
2.6218e-01
2.6218e-01
2.6218e-01
0.0000e+00
0.0000e+00
0.0000e+00
7.1964e-01
1.9937e+00
2.0046e+00
1.0228e+00
2.6218e-01
2.6218e-01
2.6218e-01
2.6218e-01
2.6218e-01
2.6218e-01
2.6218e-01
2.6218e-01
2.6218e-01
2.6218e-01
2.6218e-01
2.6218e-01
2.6218e-01
2.6218e-01
2.6218e-01
2.6218e-01
2.6218e-01
2.6218e-01
2.6218e-01
2.6218e-01
2.6218e-01
0.0000e+00
0.0000e+00
0.0000e+00
5.3189e-01
1.8263e+00
1.9667e+00
1.0256e+00
2.6218e-01
2.6218e-01
2.6218e-01
2.6218e-01
2.6218e-01
2.6218e-01
2.6218e-01
2.6218e-01
2.6218e-01
2.6218e-01
2.6218e-01
2.6218e-01
2.6218e-01
2.6218e-01
2.6218e-01
2.6218e-01
2.6218e-01
2.6218e-01
2.6218e-01
2.6218e-01
2.6218e-01
0.0000e+00
0.0000e+00
0.0000e+00
2.0944e-01
1.3872e+00
1.5866e+00
8.3589e-01
2.6218e-01
2.6218e-01
2.6218e-01
2.6218e-01
2.6218e-01
2.6218e-01
2.6218e-01
2.6218e-01
2.6218e-01
2.6218e-01
2.6218e-01
2.6218e-01
2.6218e-01
2.6218e-01
2.6218e-01
2.6218e-01
2.6218e-01
2.6218e-01
2.6218e-01
2.6218e-01
2.6218e-01
0.0000e+00
0.0000e+00
0.0000e+00
0.0000e+00
7.5723e-01
9.6998e-01
5.9348e-01
2.6218e-01
2.6218e-01
2.6218e-01
2.6218e-01
2.6218e-01
2.6218e-01
2.6218e-01
2.6218e-01
2.6218e-01
2.6218e-01
2.6218e-01
2.6218e-01
2.6218e-01
2.6218e-01
2.6218e-01
2.6218e-01
2.6218e-01
2.6218e-01
2.6218e-01
2.6218e-01
2.6218e-01
0.0000e+00
0.0000e+00
0.0000e+00
0.0000e+00
1.9263e-01
5.9374e-01
4.6240e-01
2.6218e-01
2.6218e-01
2.6218e-01
2.6218e-01
2.6218e-01
2.6218e-01
2.6218e-01
1.8450e-03
1.8450e-03
1.8450e-03
1.8450e-03
1.8450e-03
1.8450e-03
1.8450e-03
1.8450e-03
1.8450e-03
1.8450e-03
1.8450e-03
1.8450e-03
1.8450e-03
1.8450e-03
1.8450e-03
1.8450e-03
1.8450e-03
1.8450e-03
1.8450e-03
1.8450e-03
1.8450e-03
1.8450e-03
1.8450e-03
1.8450e-03
1.8450e-03
1.8450e-03
1.8450e-03
1.8450e-03
1.8450e-03
1.8450e-03
1.8450e-03
1.8450e-03
1.8450e-03
1.8450e-03
1.8450e-03
1.8450e-03
1.8450e-03
1.8450e-03
1.8450e-03
1.8450e-03
1.8450e-03
1.8450e-03
1.8450e-03
1.8450e-03
1.8450e-03
1.8450e-03
1.8450e-03
1.8450e-03
1.8450e-03
1.8450e-03
1.8450e-03
1.8450e-03
1.8450e-03
1.8450e-03
1.8450e-03
1.8450e-03
1.8450e-03
1.8450e-03
1.8450e-03
1.8450e-03
1.8450e-03
1.8450e-03
1.8450e-03
1.8450e-03
1.8450e-03
1.8450e-03
1.8450e-03
1.8450e-03
1.8450e-03
1.8450e-03
1.8450e-03
1.8450e-03
1.8450e-03
1.8450e-03
1.8450e-03
1.8450e-03
1.8450e-03
1.8450e-03
1.8450e-03
1.8450e-03
1.8450e-03
1.8450e-03
1.8450e-03
1.8450e-03
1.8450e-03
1.8450e-03
1.8450e-03
1.8450e-03
1.8450e-03
1.8450e-03
1.8450e-03
1.8450e-03
1.8450e-03
1.8450e-03
1.8450e-03
1.8450e-03
1.8450e-03
1.8450e-03
1.8450e-03
1.8450e-03
1.8450e-03
1.8450e-03
1.8450e-03
1.8450e-03
1.8450e-03
1.8450e-03
1.8450e-03
1.8450e-03
1.8450e-03
1.8450e-03
1.8450e-03
1.8450e-03
1.8450e-03
1.8450e-03
1.8450e-03
1.8450e-03
1.8450e-03
1.8450e-03
1.8450e-03
1.8450e-03
1.8450e-03
1.8450e-03
1.8450e-03
1.8450e-03
1.8450e-03
1.8450e-03
1.8450e-03
1.8450e-03
1.8450e-03
1.8450e-03
1.8450e-03
1.8450e-03
1.8450e-03
1.8450e-03
1.8450e-03
1.8450e-03
1.8450e-03
1.8450e-03
1.8450e-03
1.8450e-03
1.8450e-03
1.8450e-03
1.8450e-03
1.8450e-03
1.8450e-03
1.8450e-03
1.8450e-03
7.2500e-02
1.0811e-01
1.9364e-03
0.0000e+00
0.0000e+00
0.0000e+00
0.0000e+00
1.2211e-01
1.1944e-02
0.0000e+00
0.0000e+00
0.0000e+00
0.0000e+00
1.8450e-03
1.8450e-03
1.8450e-03
1.8450e-03
1.8450e-03
1.8450e-03
1.8450e-03
1.8450e-03
1.8450e-03
1.8450e-03
1.8450e-03
1.8450e-03
1.8450e-03
1.8450e-03
1.8450e-03
2.6158e-01
4.4444e-01
2.8645e-01
0.0000e+00
0.0000e+00
0.0000e+00
0.0000e+00
0.0000e+00
0.0000e+00
0.0000e+00
0.0000e+00
0.0000e+00
0.0000e+00
1.8450e-03
1.8450e-03
1.8450e-03
1.8450e-03
1.8450e-03
1.8450e-03
1.8450e-03
1.8450e-03
1.8450e-03
1.8450e-03
1.8450e-03
1.8450e-03
1.8450e-03
1.8450e-03
1.8450e-03
4.7566e-01
8.7415e-01
9.2980e-01
7.0737e-01
0.0000e+00
0.0000e+00
0.0000e+00
0.0000e+00
2.6537e-02
0.0000e+00
0.0000e+00
0.0000e+00
0.0000e+00
0.0000e+00
1.8450e-03
1.8450e-03
1.8450e-03
1.8450e-03
1.8450e-03
1.8450e-03
1.8450e-03
1.8450e-03
1.8450e-03
1.8450e-03
1.8450e-03
1.8450e-03
1.8450e-03
4.2629e-02
7.5603e-01
1.5393e+00
1.9463e+00
1.8694e+00
1.3027e+00
1.1231e+00
1.2098e+00
1.4679e+00
1.6223e+00
1.0603e+00
2.3592e-01
0.0000e+00
0.0000e+00
0.0000e+00
1.8450e-03
1.8450e-03
1.8450e-03
1.8450e-03
1.8450e-03
1.8450e-03
1.8450e-03
1.8450e-03
1.8450e-03
1.8450e-03
1.8450e-03
1.8450e-03
1.8450e-03
1.2878e-01
1.0936e+00
2.0473e+00
2.5893e+00
2.6359e+00
2.4079e+00
2.6817e+00
3.1673e+00
3.4085e+00
3.2526e+00
2.3485e+00
9.4512e-01
0.0000e+00
0.0000e+00
0.0000e+00
1.8450e-03
1.8450e-03
1.8450e-03
1.8450e-03
1.8450e-03
1.8450e-03
1.8450e-03
1.8450e-03
1.8450e-03
1.8450e-03
1.8450e-03
1.8450e-03
1.8450e-03
2.1568e-01
1.2656e+00
2.2367e+00
2.7474e+00
2.4563e+00
2.1747e+00
2.4468e+00
3.1797e+00
3.7372e+00
4.0041e+00
3.0055e+00
1.5762e+00
7.9562e-02
0.0000e+00
0.0000e+00
1.8450e-03
1.8450e-03
1.8450e-03
1.8450e-03
1.8450e-03
1.8450e-03
1.8450e-03
1.8450e-03
1.8450e-03
1.8450e-03
1.8450e-03
1.8450e-03
1.8450e-03
3.4545e-01
1.4533e+00
2.4452e+00
2.6036e+00
1.8547e+00
1.2121e+00
1.3021e+00
1.9732e+00
2.7380e+00
3.2748e+00
2.7424e+00
1.6264e+00
6.8866e-02
0.0000e+00
0.0000e+00
1.8450e-03
1.8450e-03
1.8450e-03
1.8450e-03
1.8450e-03
1.8450e-03
1.8450e-03
1.8450e-03
1.8450e-03
1.8450e-03
1.8450e-03
1.8450e-03
1.8450e-03
4.4010e-01
1.5403e+00
2.5849e+00
2.4185e+00
1.3941e+00
2.3510e-01
6.5603e-02
5.0442e-01
1.4250e+00
2.3698e+00
2.4181e+00
1.6361e+00
8.9492e-02
0.0000e+00
0.0000e+00
1.8450e-03
1.8450e-03
1.8450e-03
1.8450e-03
1.8450e-03
1.8450e-03
1.8450e-03
1.8450e-03
1.8450e-03
1.8450e-03
1.8450e-03
1.8450e-03
1.8450e-03
4.4760e-01
1.5315e+00
2.6290e+00
2.3878e+00
1.3377e+00
2.3205e-02
0.0000e+00
2.0218e-02
1.0505e+00
2.0967e+00
2.5031e+00
1.7364e+00
2.8126e-01
0.0000e+00
0.0000e+00
1.8450e-03
1.8450e-03
1.8450e-03
1.8450e-03
1.8450e-03
1.8450e-03
1.8450e-03
1.8450e-03
1.8450e-03
1.8450e-03
1.8450e-03
1.8450e-03
1.8450e-03
3.7663e-01
1.3672e+00
2.5553e+00
2.5078e+00
1.6404e+00
3.3827e-01
0.0000e+00
0.0000e+00
1.0076e+00
2.0676e+00
2.6483e+00
1.9329e+00
4.7196e-01
0.0000e+00
0.0000e+00
1.8450e-03
1.8450e-03
1.8450e-03
1.8450e-03
1.8450e-03
1.8450e-03
1.8450e-03
1.8450e-03
1.8450e-03
1.8450e-03
1.8450e-03
1.8450e-03
1.8450e-03
2.8190e-01
1.0497e+00
2.1276e+00
2.3773e+00
1.8585e+00
7.3289e-01
8.1735e-02
5.2196e-03
1.0075e+00
2.0675e+00
2.7010e+00
1.9426e+00
5.5362e-01
0.0000e+00
0.0000e+00
1.8450e-03
1.8450e-03
1.8450e-03
1.8450e-03
1.8450e-03
1.8450e-03
1.8450e-03
1.8450e-03
1.8450e-03
1.8450e-03
1.8450e-03
1.8450e-03
1.8450e-03
1.8363e-01
7.1269e-01
1.4711e+00
1.5969e+00
1.3364e+00
5.9531e-01
1.6829e-01
1.2628e-02
1.0079e+00
2.0688e+00
2.7021e+00
1.9430e+00
5.5401e-01
0.0000e+00
0.0000e+00
1.8450e-03
1.8450e-03
1.8450e-03
1.8450e-03
1.8450e-03
1.8450e-03
1.8450e-03
1.8450e-03
1.8450e-03
1.8450e-03
1.8450e-03
1.8450e-03
1.8450e-03
5.1533e-02
2.1423e-01
5.7178e-01
6.6885e-01
5.3885e-01
1.3855e-01
4.4431e-02
4.7622e-03
1.0077e+00
2.0684e+00
2.7038e+00
1.9470e+00
5.5757e-01
0.0000e+00
0.0000e+00
1.8450e-03
1.8450e-03
1.8450e-03
1.8450e-03
1.8450e-03
1.8450e-03
1.8450e-03
1.8450e-03
1.8450e-03
1.8450e-03
1.8450e-03
1.8450e-03
1.8450e-03
1.8450e-03
2.7931e-02
9.8670e-02
6.8825e-02
1.2982e-01
0.0000e+00
0.0000e+00
1.6543e-03
1.0084e+00
2.0706e+00
2.7055e+00
1.9469e+00
5.5700e-01
0.0000e+00
0.0000e+00
1.8450e-03
1.8450e-03
1.8450e-03
1.8450e-03
1.8450e-03
1.8450e-03
1.8450e-03
1.8450e-03
1.8450e-03
1.8450e-03
1.8450e-03
1.8450e-03
1.8450e-03
1.8450e-03
1.8450e-03
1.8450e-03
1.8450e-03
1.8450e-03
1.8450e-03
1.8450e-03
1.8450e-03
1.0076e+00
2.0676e+00
2.7023e+00
1.9443e+00
5.5522e-01
0.0000e+00
0.0000e+00
1.8450e-03
1.8450e-03
1.8450e-03
1.8450e-03
1.8450e-03
1.8450e-03
1.8450e-03
1.8450e-03
1.8450e-03
1.8450e-03
1.8450e-03
1.8450e-03
1.8450e-03
1.8450e-03
1.8450e-03
1.8450e-03
1.8450e-03
1.8450e-03
1.8450e-03
1.8450e-03
1.8450e-03
1.0075e+00
2.0675e+00
2.7366e+00
1.9458e+00
5.3440e-01
0.0000e+00
0.0000e+00
1.8450e-03
1.8450e-03
1.8450e-03
1.8450e-03
1.8450e-03
1.8450e-03
1.8450e-03
1.8450e-03
1.8450e-03
1.8450e-03
1.8450e-03
1.8450e-03
1.8450e-03
1.8450e-03
1.8450e-03
1.8450e-03
1.8450e-03
1.8450e-03
1.8450e-03
1.8450e-03
1.8450e-03
1.0079e+00
2.0688e+00
2.8201e+00
2.0104e+00
5.1334e-01
0.0000e+00
0.0000e+00
1.8450e-03
1.8450e-03
1.8450e-03
1.8450e-03
1.8450e-03
1.8450e-03
1.8450e-03
1.8450e-03
1.8450e-03
1.8450e-03
1.8450e-03
1.8450e-03
1.8450e-03
1.8450e-03
1.8450e-03
1.8450e-03
1.8450e-03
1.8450e-03
1.8450e-03
1.8450e-03
1.8450e-03
1.0077e+00
2.0684e+00
2.9088e+00
2.1055e+00
6.2310e-01
0.0000e+00
0.0000e+00
1.8450e-03
1.8450e-03
1.8450e-03
1.8450e-03
1.8450e-03
1.8450e-03
1.8450e-03
1.8450e-03
1.8450e-03
1.8450e-03
1.8450e-03
1.8450e-03
1.8450e-03
1.8450e-03
1.8450e-03
1.8450e-03
1.8450e-03
1.8450e-03
1.8450e-03
1.8450e-03
1.8450e-03
1.0084e+00
2.0706e+00
3.0329e+00
2.2774e+00
8.2494e-01
0.0000e+00
0.0000e+00
1.8450e-03
1.8450e-03
1.8450e-03
1.8450e-03
1.8450e-03
1.8450e-03
1.8450e-03
1.8450e-03
1.8450e-03
1.8450e-03
1.8450e-03
1.8450e-03
1.8450e-03
1.8450e-03
1.8450e-03
1.8450e-03
1.8450e-03
1.8450e-03
1.8450e-03
1.8450e-03
1.8450e-03
9.0132e-01
2.0380e+00
3.1355e+00
2.5236e+00
1.2447e+00
1.1900e-02
0.0000e+00
1.8450e-03
1.8450e-03
1.8450e-03
1.8450e-03
1.8450e-03
1.8450e-03
1.8450e-03
1.8450e-03
1.8450e-03
1.8450e-03
1.8450e-03
1.8450e-03
1.8450e-03
1.8450e-03
1.8450e-03
1.8450e-03
1.8450e-03
1.8450e-03
1.8450e-03
1.8450e-03
1.8450e-03
7.0162e-01
1.6926e+00
2.9777e+00
2.6518e+00
1.7654e+00
4.6750e-01
2.3209e-02
1.8450e-03
1.8450e-03
1.8450e-03
1.8450e-03
1.8450e-03
1.8450e-03
1.8450e-03
1.8450e-03
1.8450e-03
1.8450e-03
1.8450e-03
1.8450e-03
1.8450e-03
1.8450e-03
1.8450e-03
1.8450e-03
1.8450e-03
1.8450e-03
1.8450e-03
1.8450e-03
1.8450e-03
5.1779e-01
1.2738e+00
2.1869e+00
2.1283e+00
1.6676e+00
6.2343e-01
1.4029e-01
1.8450e-03
1.8450e-03
1.8450e-03
1.8450e-03
1.8450e-03
1.8450e-03
1.8450e-03
1.8450e-03
1.8450e-03
1.8450e-03
1.8450e-03
1.8450e-03
1.8450e-03
1.8450e-03
1.8450e-03
1.8450e-03
1.8450e-03
1.8450e-03
1.8450e-03
1.8450e-03
1.8450e-03
2.1406e-01
6.0852e-01
1.2313e+00
1.0555e+00
7.4809e-01
1.6100e-01
4.2270e-02
1.8450e-03
1.8450e-03
1.8450e-03
1.8450e-03
1.8450e-03
1.8450e-03
1.8450e-03
1.9376e-01
1.9376e-01
1.9376e-01
1.9376e-01
1.9376e-01
1.9376e-01
1.9376e-01
1.9376e-01
1.9376e-01
1.9376e-01
1.9376e-01
1.9376e-01
1.9376e-01
1.9376e-01
1.9376e-01
1.9376e-01
1.9376e-01
1.9376e-01
1.9376e-01
1.9376e-01
1.9376e-01
1.9376e-01
1.9376e-01
1.9376e-01
1.9376e-01
1.9376e-01
1.9376e-01
1.9376e-01
1.9376e-01
1.9376e-01
1.9376e-01
1.9376e-01
1.9376e-01
1.9376e-01
1.9376e-01
1.9376e-01
1.9376e-01
1.9376e-01
1.9376e-01
1.9376e-01
1.9376e-01
1.9376e-01
1.9376e-01
1.9376e-01
1.9376e-01
1.9376e-01
1.9376e-01
1.9376e-01
1.9376e-01
1.9376e-01
1.9376e-01
1.9376e-01
1.9376e-01
1.9376e-01
1.9376e-01
1.9376e-01
1.9376e-01
1.9376e-01
1.9376e-01
1.9376e-01
1.9376e-01
1.9376e-01
1.9376e-01
1.9376e-01
1.9376e-01
1.9376e-01
1.9376e-01
1.9376e-01
1.9376e-01
1.9376e-01
1.9376e-01
1.9376e-01
1.9376e-01
1.9376e-01
1.9376e-01
1.9376e-01
1.9376e-01
1.9376e-01
1.9376e-01
1.9376e-01
1.9376e-01
1.9376e-01
1.9376e-01
1.9376e-01
1.9376e-01
1.9376e-01
1.9376e-01
1.9376e-01
1.9376e-01
1.9376e-01
1.9376e-01
1.9376e-01
1.9376e-01
1.9376e-01
1.9376e-01
1.9376e-01
1.9376e-01
1.9376e-01
1.9376e-01
1.9376e-01
1.9376e-01
1.9376e-01
1.9376e-01
1.9376e-01
1.9376e-01
1.9376e-01
1.9376e-01
1.9376e-01
1.9376e-01
1.9376e-01
1.9376e-01
1.9376e-01
1.9376e-01
1.9376e-01
1.9376e-01
1.9376e-01
1.9376e-01
1.9376e-01
1.9376e-01
1.9376e-01
1.9376e-01
1.9376e-01
1.9376e-01
1.9376e-01
1.9376e-01
1.9376e-01
1.9376e-01
1.9376e-01
1.9376e-01
1.9376e-01
1.9376e-01
1.9376e-01
1.9376e-01
1.9376e-01
1.9376e-01
1.9376e-01
1.9376e-01
1.9376e-01
1.9376e-01
1.9376e-01
1.9376e-01
1.9376e-01
1.9376e-01
1.9376e-01
1.9376e-01
1.9376e-01
1.9376e-01
1.9527e-01
5.9261e-02
0.0000e+00
0.0000e+00
0.0000e+00
0.0000e+00
7.5599e-02
6.7109e-02
0.0000e+00
0.0000e+00
0.0000e+00
0.0000e+00
1.0636e-01
1.9376e-01
1.9376e-01
1.9376e-01
1.9376e-01
1.9376e-01
1.9376e-01
1.9376e-01
1.9376e-01
1.9376e-01
1.9376e-01
1.9376e-01
1.9376e-01
1.9376e-01
1.9376e-01
1.9376e-01
1.0510e-01
0.0000e+00
0.0000e+00
0.0000e+00
0.0000e+00
0.0000e+00
0.0000e+00
0.0000e+00
0.0000e+00
0.0000e+00
0.0000e+00
0.0000e+00
0.0000e+00
1.9376e-01
1.9376e-01
1.9376e-01
1.9376e-01
1.9376e-01
1.9376e-01
1.9376e-01
1.9376e-01
1.9376e-01
1.9376e-01
1.9376e-01
1.9376e-01
1.9376e-01
1.9376e-01
1.9376e-01
9.2523e-02
0.0000e+00
0.0000e+00
0.0000e+00
0.0000e+00
0.0000e+00
0.0000e+00
0.0000e+00
0.0000e+00
0.0000e+00
0.0000e+00
0.0000e+00
0.0000e+00
1.2598e-01
1.9376e-01
1.9376e-01
1.9376e-01
1.9376e-01
1.9376e-01
1.9376e-01
1.9376e-01
1.9376e-01
1.9376e-01
1.9376e-01
1.9376e-01
1.9376e-01
1.9376e-01
1.9464e-01
3.5984e-01
4.8159e-02
0.0000e+00
0.0000e+00
0.0000e+00
0.0000e+00
0.0000e+00
0.0000e+00
0.0000e+00
0.0000e+00
0.0000e+00
0.0000e+00
0.0000e+00
8.5239e-02
1.9376e-01
1.9376e-01
1.9376e-01
1.9376e-01
1.9376e-01
1.9376e-01
1.9376e-01
1.9376e-01
1.9376e-01
1.9376e-01
1.9376e-01
1.9376e-01
1.9376e-01
1.4209e-01
7.4492e-01
7.1391e-01
2.1948e-01
2.7655e-01
8.0336e-01
9.6331e-01
1.1514e+00
1.2580e+00
7.6503e-01
0.0000e+00
0.0000e+00
0.0000e+00
0.0000e+00
1.0540e-01
1.9376e-01
1.9376e-01
1.9376e-01
1.9376e-01
1.9376e-01
1.9376e-01
1.9376e-01
1.9376e-01
1.9376e-01
1.9376e-01
1.9376e-01
1.9376e-01
1.9376e-01
1.6472e-01
9.3805e-01
9.3823e-01
8.8553e-01
1.4715e+00
2.8267e+00
3.3913e+00
3.9230e+00
3.8175e+00
3.2746e+00
1.5601e+00
5.1028e-01
1.1717e-01
9.6439e-02
1.1471e-01
1.9376e-01
1.9376e-01
1.9376e-01
1.9376e-01
1.9376e-01
1.9376e-01
1.9376e-01
1.9376e-01
1.9376e-01
1.9376e-01
1.9376e-01
1.9376e-01
1.9376e-01
3.3631e-01
1.0578e+00
1.0170e+00
6.3494e-01
1.0679e+00
2.4717e+00
3.1867e+00
3.7750e+00
3.9772e+00
3.5993e+00
1.7259e+00
5.4370e-01
7.5723e-02
1.3014e-01
3.1351e-03
1.9376e-01
1.9376e-01
1.9376e-01
1.9376e-01
1.9376e-01
1.9376e-01
1.9376e-01
1.9376e-01
1.9376e-01
1.9376e-01
1.9376e-01
1.9376e-01
1.9376e-01
5.3926e-01
1.2249e+00
1.2152e+00
3.4161e-01
3.5924e-01
1.1543e+00
1.6090e+00
1.9529e+00
2.6621e+00
2.7151e+00
1.0896e+00
2.0840e-01
0.0000e+00
1.7939e-02
0.0000e+00
1.9376e-01
1.9376e-01
1.9376e-01
1.9376e-01
1.9376e-01
1.9376e-01
1.9376e-01
1.9376e-01
1.9376e-01
1.9376e-01
1.9376e-01
1.9376e-01
1.9376e-01
6.0363e-01
1.3084e+00
1.3817e+00
3.4562e-01
1.0767e-01
4.2799e-01
4.1264e-01
3.7656e-01
1.2656e+00
1.5702e+00
4.8070e-01
0.0000e+00
0.0000e+00
8.2909e-02
1.5943e-02
1.9376e-01
1.9376e-01
1.9376e-01
1.9376e-01
1.9376e-01
1.9376e-01
1.9376e-01
1.9376e-01
1.9376e-01
1.9376e-01
1.9376e-01
1.9376e-01
1.9376e-01
6.2177e-01
1.4391e+00
1.8411e+00
1.0781e+00
8.1376e-01
9.1365e-01
5.1092e-01
2.1902e-01
1.0888e+00
1.3993e+00
5.7461e-01
0.0000e+00
4.8990e-03
2.3828e-01
1.3130e-01
1.9376e-01
1.9376e-01
1.9376e-01
1.9376e-01
1.9376e-01
1.9376e-01
1.9376e-01
1.9376e-01
1.9376e-01
1.9376e-01
1.9376e-01
1.9376e-01
1.9376e-01
6.6181e-01
1.6350e+00
2.3090e+00
1.9209e+00
1.7484e+00
1.5397e+00
8.9486e-01
2.4839e-01
1.0870e+00
1.3950e+00
7.2508e-01
9.0550e-02
1.7919e-01
3.4123e-01
2.5821e-01
1.9376e-01
1.9376e-01
1.9376e-01
1.9376e-01
1.9376e-01
1.9376e-01
1.9376e-01
1.9376e-01
1.9376e-01
1.9376e-01
1.9376e-01
1.9376e-01
1.9376e-01
5.5258e-01
1.4467e+00
2.3598e+00
2.1326e+00
1.9618e+00
1.6430e+00
9.7398e-01
2.5339e-01
1.0862e+00
1.3944e+00
7.2550e-01
9.0693e-02
1.7993e-01
3.4213e-01
2.5821e-01
1.9376e-01
1.9376e-01
1.9376e-01
1.9376e-01
1.9376e-01
1.9376e-01
1.9376e-01
1.9376e-01
1.9376e-01
1.9376e-01
1.9376e-01
1.9376e-01
1.9376e-01
3.3843e-01
8.0699e-01
1.5220e+00
1.4997e+00
1.4200e+00
1.1596e+00
7.5590e-01
2.3669e-01
1.0876e+00
1.3967e+00
7.2790e-01
9.4153e-02
1.8340e-01
3.4364e-01
2.5821e-01
1.9376e-01
1.9376e-01
1.9376e-01
1.9376e-01
1.9376e-01
1.9376e-01
1.9376e-01
1.9376e-01
1.9376e-01
1.9376e-01
1.9376e-01
1.9376e-01
1.9376e-01
1.9376e-01
2.6971e-01
5.1996e-01
5.1371e-01
5.6664e-01
4.5931e-01
4.2285e-01
2.1127e-01
1.0891e+00
1.3999e+00
7.3151e-01
9.7025e-02
1.8490e-01
3.4404e-01
2.5821e-01
1.9376e-01
1.9376e-01
1.9376e-01
1.9376e-01
1.9376e-01
1.9376e-01
1.9376e-01
1.9376e-01
1.9376e-01
1.9376e-01
1.9376e-01
1.9376e-01
1.9376e-01
1.9376e-01
1.9376e-01
1.9376e-01
1.9376e-01
1.9376e-01
1.9376e-01
1.9376e-01
1.9376e-01
1.0888e+00
1.3993e+00
7.3194e-01
9.7459e-02
1.8503e-01
3.4448e-01
2.5821e-01
1.9376e-01
1.9376e-01
1.9376e-01
1.9376e-01
1.9376e-01
1.9376e-01
1.9376e-01
1.9376e-01
1.9376e-01
1.9376e-01
1.9376e-01
1.9376e-01
1.9376e-01
1.9376e-01
1.9376e-01
1.9376e-01
1.9376e-01
1.9376e-01
1.9376e-01
1.9376e-01
1.9376e-01
1.0870e+00
1.3950e+00
7.2584e-01
2.1676e-02
4.0228e-02
2.5591e-01
1.4763e-01
1.9376e-01
1.9376e-01
1.9376e-01
1.9376e-01
1.9376e-01
1.9376e-01
1.9376e-01
1.9376e-01
1.9376e-01
1.9376e-01
1.9376e-01
1.9376e-01
1.9376e-01
1.9376e-01
1.9376e-01
1.9376e-01
1.9376e-01
1.9376e-01
1.9376e-01
1.9376e-01
1.9376e-01
1.0862e+00
1.3944e+00
6.8053e-01
0.0000e+00
0.0000e+00
1.0246e-01
1.6090e-02
1.9376e-01
1.9376e-01
1.9376e-01
1.9376e-01
1.9376e-01
1.9376e-01
1.9376e-01
1.9376e-01
1.9376e-01
1.9376e-01
1.9376e-01
1.9376e-01
1.9376e-01
1.9376e-01
1.9376e-01
1.9376e-01
1.9376e-01
1.9376e-01
1.9376e-01
1.9376e-01
1.9376e-01
1.0876e+00
1.3967e+00
6.9340e-01
0.0000e+00
0.0000e+00
6.4372e-02
1.6727e-02
1.9376e-01
1.9376e-01
1.9376e-01
1.9376e-01
1.9376e-01
1.9376e-01
1.9376e-01
1.9376e-01
1.9376e-01
1.9376e-01
1.9376e-01
1.9376e-01
1.9376e-01
1.9376e-01
1.9376e-01
1.9376e-01
1.9376e-01
1.9376e-01
1.9376e-01
1.9376e-01
1.9376e-01
1.0891e+00
1.3999e+00
8.5605e-01
0.0000e+00
0.0000e+00
1.7785e-01
1.0704e-01
1.9376e-01
1.9376e-01
1.9376e-01
1.9376e-01
1.9376e-01
1.9376e-01
1.9376e-01
1.9376e-01
1.9376e-01
1.9376e-01
1.9376e-01
1.9376e-01
1.9376e-01
1.9376e-01
1.9376e-01
1.9376e-01
1.9376e-01
1.9376e-01
1.9376e-01
1.9376e-01
1.9376e-01
1.0865e+00
1.6044e+00
1.5109e+00
5.7151e-01
5.4311e-01
5.0321e-01
3.9849e-01
1.9376e-01
1.9376e-01
1.9376e-01
1.9376e-01
1.9376e-01
1.9376e-01
1.9376e-01
1.9376e-01
1.9376e-01
1.9376e-01
1.9376e-01
1.9376e-01
1.9376e-01
1.9376e-01
1.9376e-01
1.9376e-01
1.9376e-01
1.9376e-01
1.9376e-01
1.9376e-01
1.9376e-01
1.2221e+00
1.8594e+00
2.3886e+00
1.8020e+00
1.7675e+00
1.3330e+00
8.3157e-01
1.9376e-01
1.9376e-01
1.9376e-01
1.9376e-01
1.9376e-01
1.9376e-01
1.9376e-01
1.9376e-01
1.9376e-01
1.9376e-01
1.9376e-01
1.9376e-01
1.9376e-01
1.9376e-01
1.9376e-01
1.9376e-01
1.9376e-01
1.9376e-01
1.9376e-01
1.9376e-01
1.9376e-01
1.1302e+00
2.0602e+00
2.8403e+00
2.4013e+00
2.3688e+00
1.7174e+00
9.2174e-01
1.9376e-01
1.9376e-01
1.9376e-01
1.9376e-01
1.9376e-01
1.9376e-01
1.9376e-01
1.9376e-01
1.9376e-01
1.9376e-01
1.9376e-01
1.9376e-01
1.9376e-01
1.9376e-01
1.9376e-01
1.9376e-01
1.9376e-01
1.9376e-01
1.9376e-01
1.9376e-01
1.9376e-01
7.1149e-01
1.5185e+00
2.2769e+00
2.0081e+00
1.9593e+00
1.3419e+00
7.2934e-01
1.9376e-01
1.9376e-01
1.9376e-01
1.9376e-01
1.9376e-01
1.9376e-01
1.9376e-01
5.2710e-01
5.2710e-01
5.2710e-01
5.2710e-01
5.2710e-01
5.2710e-01
5.2710e-01
5.2710e-01
5.2710e-01
5.2710e-01
5.2710e-01
5.2710e-01
5.2710e-01
5.2710e-01
5.2710e-01
5.2710e-01
5.2710e-01
5.2710e-01
5.2710e-01
5.2710e-01
5.2710e-01
5.2710e-01
5.2710e-01
5.2710e-01
5.2710e-01
5.2710e-01
5.2710e-01
5.2710e-01
5.2710e-01
5.2710e-01
5.2710e-01
5.2710e-01
5.2710e-01
5.2710e-01
5.2710e-01
5.2710e-01
5.2710e-01
5.2710e-01
5.2710e-01
5.2710e-01
5.2710e-01
5.2710e-01
5.2710e-01
5.2710e-01
5.2710e-01
5.2710e-01
5.2710e-01
5.2710e-01
5.2710e-01
5.2710e-01
5.2710e-01
5.2710e-01
5.2710e-01
5.2710e-01
5.2710e-01
5.2710e-01
5.2710e-01
5.2710e-01
5.2710e-01
5.2710e-01
5.2710e-01
5.2710e-01
5.2710e-01
5.2710e-01
5.2710e-01
5.2710e-01
5.2710e-01
5.2710e-01
5.2710e-01
5.2710e-01
5.2710e-01
5.2710e-01
5.2710e-01
5.2710e-01
5.2710e-01
5.2710e-01
5.2710e-01
5.2710e-01
5.2710e-01
5.2710e-01
5.2710e-01
5.2710e-01
5.2710e-01
5.2710e-01
5.2710e-01
5.2710e-01
5.2710e-01
5.2710e-01
5.2710e-01
5.2710e-01
5.2710e-01
5.2710e-01
5.2710e-01
5.2710e-01
5.2710e-01
5.2710e-01
5.2710e-01
5.2710e-01
5.2710e-01
5.2710e-01
5.2710e-01
5.2710e-01
5.2710e-01
5.2710e-01
5.2710e-01
5.2710e-01
5.2710e-01
5.2710e-01
5.2710e-01
5.2710e-01
5.2710e-01
5.2710e-01
5.2710e-01
5.2710e-01
5.2710e-01
5.2710e-01
5.2710e-01
5.2710e-01
5.2710e-01
5.2710e-01
5.2710e-01
5.2710e-01
5.2710e-01
5.2710e-01
5.2710e-01
5.2710e-01
5.2710e-01
5.2710e-01
5.2710e-01
5.2710e-01
5.2710e-01
5.2710e-01
5.2710e-01
5.2710e-01
5.2710e-01
5.2710e-01
5.2710e-01
5.2710e-01
5.2710e-01
5.2710e-01
5.2710e-01
5.2710e-01
5.2710e-01
5.2710e-01
5.2710e-01
5.2710e-01
5.2710e-01
5.0187e-01
4.7942e-01
4.0805e-01
4.1075e-01
5.4169e-01
5.5784e-01
5.2271e-01
4.6787e-01
4.3731e-01
3.6147e-01
5.4638e-01
5.8171e-01
5.3669e-01
5.2710e-01
5.2710e-01
5.2710e-01
5.2710e-01
5.2710e-01
5.2710e-01
5.2710e-01
5.2710e-01
5.2710e-01
5.2710e-01
5.2710e-01
5.2710e-01
5.2710e-01
5.2710e-01
5.2710e-01
3.1623e-01
1.5933e-01
0.0000e+00
0.0000e+00
2.4113e-02
1.8133e-01
2.3945e-01
5.2800e-03
4.5876e-02
0.0000e+00
1.3631e-01
3.6418e-01
5.1905e-01
5.2710e-01
5.2710e-01
5.2710e-01
5.2710e-01
5.2710e-01
5.2710e-01
5.2710e-01
5.2710e-01
5.2710e-01
5.2710e-01
5.2710e-01
5.2710e-01
5.2710e-01
5.2710e-01
5.2710e-01
6.4760e-02
0.0000e+00
0.0000e+00
0.0000e+00
0.0000e+00
0.0000e+00
0.0000e+00
0.0000e+00
0.0000e+00
0.0000e+00
0.0000e+00
0.0000e+00
3.9111e-01
5.3454e-01
5.2710e-01
5.2710e-01
5.2710e-01
5.2710e-01
5.2710e-01
5.2710e-01
5.2710e-01
5.2710e-01
5.2710e-01
5.2710e-01
5.2710e-01
5.2710e-01
5.2710e-01
5.1254e-01
0.0000e+00
0.0000e+00
0.0000e+00
0.0000e+00
0.0000e+00
0.0000e+00
0.0000e+00
0.0000e+00
0.0000e+00
0.0000e+00
0.0000e+00
0.0000e+00
1.0865e-01
5.0434e-01
5.2710e-01
5.2710e-01
5.2710e-01
5.2710e-01
5.2710e-01
5.2710e-01
5.2710e-01
5.2710e-01
5.2710e-01
5.2710e-01
5.2710e-01
5.2710e-01
5.2710e-01
4.1359e-01
0.0000e+00
0.0000e+00
0.0000e+00
0.0000e+00
0.0000e+00
0.0000e+00
0.0000e+00
0.0000e+00
0.0000e+00
0.0000e+00
0.0000e+00
0.0000e+00
0.0000e+00
4.5613e-01
5.2710e-01
5.2710e-01
5.2710e-01
5.2710e-01
5.2710e-01
5.2710e-01
5.2710e-01
5.2710e-01
5.2710e-01
5.2710e-01
5.2710e-01
5.2710e-01
5.2710e-01
3.1998e-01
0.0000e+00
0.0000e+00
0.0000e+00
0.0000e+00
0.0000e+00
0.0000e+00
3.1845e-02
0.0000e+00
0.0000e+00
0.0000e+00
0.0000e+00
0.0000e+00
0.0000e+00
4.2101e-01
5.2710e-01
5.2710e-01
5.2710e-01
5.2710e-01
5.2710e-01
5.2710e-01
5.2710e-01
5.2710e-01
5.2710e-01
5.2710e-01
5.2710e-01
5.2710e-01
5.2710e-01
2.3976e-01
0.0000e+00
0.0000e+00
0.0000e+00
0.0000e+00
0.0000e+00
2.6967e-01
8.5393e-01
3.3233e-01
0.0000e+00
0.0000e+00
0.0000e+00
0.0000e+00
0.0000e+00
4.4383e-01
5.2710e-01
5.2710e-01
5.2710e-01
5.2710e-01
5.2710e-01
5.2710e-01
5.2710e-01
5.2710e-01
5.2710e-01
5.2710e-01
5.2710e-01
5.2710e-01
5.2710e-01
2.8651e-01
0.0000e+00
0.0000e+00
0.0000e+00
0.0000e+00
0.0000e+00
3.0987e-01
9.4014e-01
4.3585e-01
1.9138e-01
0.0000e+00
0.0000e+00
0.0000e+00
0.0000e+00
3.5413e-01
5.2710e-01
5.2710e-01
5.2710e-01
5.2710e-01
5.2710e-01
5.2710e-01
5.2710e-01
5.2710e-01
5.2710e-01
5.2710e-01
5.2710e-01
5.2710e-01
5.2710e-01
3.2794e-01
0.0000e+00
0.0000e+00
0.0000e+00
0.0000e+00
0.0000e+00
2.6180e-02
5.3429e-01
1.0824e-01
0.0000e+00
0.0000e+00
0.0000e+00
0.0000e+00
0.0000e+00
2.3517e-01
5.2710e-01
5.2710e-01
5.2710e-01
5.2710e-01
5.2710e-01
5.2710e-01
5.2710e-01
5.2710e-01
5.2710e-01
5.2710e-01
5.2710e-01
5.2710e-01
5.2710e-01
3.7977e-01
4.8600e-02
0.0000e+00
0.0000e+00
0.0000e+00
0.0000e+00
0.0000e+00
4.8203e-01
8.2277e-02
0.0000e+00
0.0000e+00
0.0000e+00
0.0000e+00
0.0000e+00
1.6890e-01
5.2710e-01
5.2710e-01
5.2710e-01
5.2710e-01
5.2710e-01
5.2710e-01
5.2710e-01
5.2710e-01
5.2710e-01
5.2710e-01
5.2710e-01
5.2710e-01
5.2710e-01
4.9977e-01
3.6022e-01
1.6702e-01
3.0879e-01
7.8934e-02
0.0000e+00
2.2470e-02
4.8702e-01
8.1038e-02
0.0000e+00
0.0000e+00
0.0000e+00
0.0000e+00
0.0000e+00
2.2393e-01
5.2710e-01
5.2710e-01
5.2710e-01
5.2710e-01
5.2710e-01
5.2710e-01
5.2710e-01
5.2710e-01
5.2710e-01
5.2710e-01
5.2710e-01
5.2710e-01
5.2710e-01
5.7433e-01
5.8176e-01
5.1958e-01
6.5453e-01
6.9252e-01
4.3018e-01
2.8706e-01
5.0745e-01
7.9950e-02
0.0000e+00
0.0000e+00
0.0000e+00
0.0000e+00
0.0000e+00
2.2393e-01
5.2710e-01
5.2710e-01
5.2710e-01
5.2710e-01
5.2710e-01
5.2710e-01
5.2710e-01
5.2710e-01
5.2710e-01
5.2710e-01
5.2710e-01
5.2710e-01
5.2710e-01
6.0985e-01
7.4078e-01
7.0146e-01
6.4720e-01
8.4830e-01
8.0778e-01
5.6930e-01
5.2967e-01
8.0564e-02
0.0000e+00
0.0000e+00
0.0000e+00
0.0000e+00
0.0000e+00
2.2393e-01
5.2710e-01
5.2710e-01
5.2710e-01
5.2710e-01
5.2710e-01
5.2710e-01
5.2710e-01
5.2710e-01
5.2710e-01
5.2710e-01
5.2710e-01
5.2710e-01
5.2710e-01
5.2710e-01
5.7054e-01
6.8527e-01
5.6310e-01
5.7233e-01
6.7936e-01
6.3028e-01
5.3469e-01
8.0462e-02
0.0000e+00
0.0000e+00
0.0000e+00
0.0000e+00
0.0000e+00
2.2393e-01
5.2710e-01
5.2710e-01
5.2710e-01
5.2710e-01
5.2710e-01
5.2710e-01
5.2710e-01
5.2710e-01
5.2710e-01
5.2710e-01
5.2710e-01
5.2710e-01
5.2710e-01
5.2710e-01
5.2710e-01
5.2710e-01
5.2710e-01
5.2710e-01
5.2710e-01
5.2710e-01
5.2710e-01
8.2277e-02
0.0000e+00
0.0000e+00
0.0000e+00
0.0000e+00
0.0000e+00
2.2393e-01
5.2710e-01
5.2710e-01
5.2710e-01
5.2710e-01
5.2710e-01
5.2710e-01
5.2710e-01
5.2710e-01
5.2710e-01
5.2710e-01
5.2710e-01
5.2710e-01
5.2710e-01
5.2710e-01
5.2710e-01
5.2710e-01
5.2710e-01
5.2710e-01
5.2710e-01
5.2710e-01
5.2710e-01
8.1038e-02
0.0000e+00
0.0000e+00
0.0000e+00
0.0000e+00
0.0000e+00
2.3607e-01
5.2710e-01
5.2710e-01
5.2710e-01
5.2710e-01
5.2710e-01
5.2710e-01
5.2710e-01
5.2710e-01
5.2710e-01
5.2710e-01
5.2710e-01
5.2710e-01
5.2710e-01
5.2710e-01
5.2710e-01
5.2710e-01
5.2710e-01
5.2710e-01
5.2710e-01
5.2710e-01
5.2710e-01
7.9950e-02
0.0000e+00
0.0000e+00
0.0000e+00
0.0000e+00
0.0000e+00
1.9393e-01
5.2710e-01
5.2710e-01
5.2710e-01
5.2710e-01
5.2710e-01
5.2710e-01
5.2710e-01
5.2710e-01
5.2710e-01
5.2710e-01
5.2710e-01
5.2710e-01
5.2710e-01
5.2710e-01
5.2710e-01
5.2710e-01
5.2710e-01
5.2710e-01
5.2710e-01
5.2710e-01
5.2710e-01
8.0564e-02
0.0000e+00
0.0000e+00
0.0000e+00
0.0000e+00
0.0000e+00
8.5541e-02
5.2710e-01
5.2710e-01
5.2710e-01
5.2710e-01
5.2710e-01
5.2710e-01
5.2710e-01
5.2710e-01
5.2710e-01
5.2710e-01
5.2710e-01
5.2710e-01
5.2710e-01
5.2710e-01
5.2710e-01
5.2710e-01
5.2710e-01
5.2710e-01
5.2710e-01
5.2710e-01
5.2710e-01
8.0462e-02
0.0000e+00
0.0000e+00
0.0000e+00
0.0000e+00
0.0000e+00
0.0000e+00
5.2710e-01
5.2710e-01
5.2710e-01
5.2710e-01
5.2710e-01
5.2710e-01
5.2710e-01
5.2710e-01
5.2710e-01
5.2710e-01
5.2710e-01
5.2710e-01
5.2710e-01
5.2710e-01
5.2710e-01
5.2710e-01
5.2710e-01
5.2710e-01
5.2710e-01
5.2710e-01
5.2710e-01
1.2022e-01
0.0000e+00
0.0000e+00
0.0000e+00
0.0000e+00
0.0000e+00
0.0000e+00
5.2710e-01
5.2710e-01
5.2710e-01
5.2710e-01
5.2710e-01
5.2710e-01
5.2710e-01
5.2710e-01
5.2710e-01
5.2710e-01
5.2710e-01
5.2710e-01
5.2710e-01
5.2710e-01
5.2710e-01
5.2710e-01
5.2710e-01
5.2710e-01
5.2710e-01
5.2710e-01
5.2710e-01
3.6794e-01
5.2776e-02
0.0000e+00
0.0000e+00
0.0000e+00
0.0000e+00
2.9806e-02
5.2710e-01
5.2710e-01
5.2710e-01
5.2710e-01
5.2710e-01
5.2710e-01
5.2710e-01
5.2710e-01
5.2710e-01
5.2710e-01
5.2710e-01
5.2710e-01
5.2710e-01
5.2710e-01
5.2710e-01
5.2710e-01
5.2710e-01
5.2710e-01
5.2710e-01
5.2710e-01
5.2710e-01
5.5419e-01
4.1941e-01
5.3068e-01
5.9221e-01
3.9564e-01
1.7741e-01
2.6761e-01
5.2710e-01
5.2710e-01
5.2710e-01
5.2710e-01
5.2710e-01
5.2710e-01
5.2710e-01
5.2710e-01
5.2710e-01
5.2710e-01
5.2710e-01
5.2710e-01
5.2710e-01
5.2710e-01
5.2710e-01
5.2710e-01
5.2710e-01
5.2710e-01
5.2710e-01
5.2710e-01
5.2710e-01
7.3041e-01
6.4230e-01
6.8764e-01
8.3865e-01
8.7595e-01
6.5454e-01
5.4012e-01
5.2710e-01
5.2710e-01
5.2710e-01
5.2710e-01
5.2710e-01
5.2710e-01
5.2710e-01
0.0000e+00
0.0000e+00
0.0000e+00
0.0000e+00
0.0000e+00
0.0000e+00
0.0000e+00
0.0000e+00
0.0000e+00
0.0000e+00
0.0000e+00
0.0000e+00
0.0000e+00
0.0000e+00
0.0000e+00
0.0000e+00
0.0000e+00
0.0000e+00
0.0000e+00
0.0000e+00
0.0000e+00
0.0000e+00
0.0000e+00
0.0000e+00
0.0000e+00
0.0000e+00
0.0000e+00
0.0000e+00
0.0000e+00
0.0000e+00
0.0000e+00
0.0000e+00
0.0000e+00
0.0000e+00
0.0000e+00
0.0000e+00
0.0000e+00
0.0000e+00
0.0000e+00
0.0000e+00
0.0000e+00
0.0000e+00
0.0000e+00
0.0000e+00
0.0000e+00
0.0000e+00
0.0000e+00
0.0000e+00
0.0000e+00
0.0000e+00
0.0000e+00
0.0000e+00
0.0000e+00
0.0000e+00
0.0000e+00
0.0000e+00
0.0000e+00
0.0000e+00
0.0000e+00
0.0000e+00
0.0000e+00
0.0000e+00
0.0000e+00
0.0000e+00
0.0000e+00
0.0000e+00
0.0000e+00
0.0000e+00
0.0000e+00
0.0000e+00
0.0000e+00
0.0000e+00
0.0000e+00
0.0000e+00
0.0000e+00
0.0000e+00
0.0000e+00
0.0000e+00
0.0000e+00
0.0000e+00
0.0000e+00
0.0000e+00
0.0000e+00
0.0000e+00
0.0000e+00
0.0000e+00
0.0000e+00
0.0000e+00
0.0000e+00
0.0000e+00
0.0000e+00
0.0000e+00
0.0000e+00
0.0000e+00
0.0000e+00
0.0000e+00
0.0000e+00
0.0000e+00
0.0000e+00
0.0000e+00
0.0000e+00
0.0000e+00
0.0000e+00
0.0000e+00
0.0000e+00
0.0000e+00
0.0000e+00
0.0000e+00
0.0000e+00
0.0000e+00
0.0000e+00
0.0000e+00
0.0000e+00
0.0000e+00
0.0000e+00
0.0000e+00
0.0000e+00
0.0000e+00
0.0000e+00
0.0000e+00
0.0000e+00
0.0000e+00
0.0000e+00
0.0000e+00
0.0000e+00
0.0000e+00
0.0000e+00
0.0000e+00
0.0000e+00
0.0000e+00
0.0000e+00
0.0000e+00
0.0000e+00
0.0000e+00
0.0000e+00
0.0000e+00
0.0000e+00
0.0000e+00
0.0000e+00
0.0000e+00
0.0000e+00
0.0000e+00
0.0000e+00
0.0000e+00
0.0000e+00
0.0000e+00
0.0000e+00
1.1433e-02
0.0000e+00
0.0000e+00
0.0000e+00
0.0000e+00
0.0000e+00
0.0000e+00
0.0000e+00
0.0000e+00
0.0000e+00
0.0000e+00
0.0000e+00
0.0000e+00
0.0000e+00
0.0000e+00
0.0000e+00
0.0000e+00
0.0000e+00
0.0000e+00
0.0000e+00
0.0000e+00
0.0000e+00
0.0000e+00
0.0000e+00
0.0000e+00
0.0000e+00
0.0000e+00
0.0000e+00
1.5374e-02
0.0000e+00
0.0000e+00
0.0000e+00
0.0000e+00
0.0000e+00
0.0000e+00
0.0000e+00
0.0000e+00
0.0000e+00
0.0000e+00
0.0000e+00
0.0000e+00
0.0000e+00
0.0000e+00
0.0000e+00
0.0000e+00
0.0000e+00
0.0000e+00
0.0000e+00
0.0000e+00
0.0000e+00
0.0000e+00
0.0000e+00
0.0000e+00
0.0000e+00
0.0000e+00
0.0000e+00
1.4192e-01
0.0000e+00
0.0000e+00
0.0000e+00
0.0000e+00
0.0000e+00
0.0000e+00
0.0000e+00
0.0000e+00
0.0000e+00
0.0000e+00
0.0000e+00
0.0000e+00
0.0000e+00
0.0000e+00
0.0000e+00
0.0000e+00
0.0000e+00
0.0000e+00
0.0000e+00
0.0000e+00
0.0000e+00
0.0000e+00
0.0000e+00
0.0000e+00
0.0000e+00
0.0000e+00
5.8542e-03
3.9040e-01
1.2144e-01
0.0000e+00
0.0000e+00
0.0000e+00
0.0000e+00
0.0000e+00
0.0000e+00
0.0000e+00
0.0000e+00
0.0000e+00
0.0000e+00
0.0000e+00
0.0000e+00
0.0000e+00
0.0000e+00
0.0000e+00
0.0000e+00
0.0000e+00
0.0000e+00
0.0000e+00
0.0000e+00
0.0000e+00
0.0000e+00
0.0000e+00
0.0000e+00
0.0000e+00
3.8334e-03
4.7594e-01
4.3073e-01
2.6281e-01
3.3319e-01
2.9788e-01
3.4967e-01
2.9278e-01
2.8135e-01
1.0187e-01
0.0000e+00
0.0000e+00
0.0000e+00
0.0000e+00
0.0000e+00
0.0000e+00
0.0000e+00
0.0000e+00
0.0000e+00
0.0000e+00
0.0000e+00
0.0000e+00
0.0000e+00
0.0000e+00
0.0000e+00
0.0000e+00
0.0000e+00
0.0000e+00
8.0242e-02
4.8229e-01
5.7559e-01
2.2306e-01
5.8257e-01
1.0362e+00
1.5238e+00
2.0173e+00
1.9931e+00
1.4109e+00
0.0000e+00
0.0000e+00
0.0000e+00
0.0000e+00
0.0000e+00
0.0000e+00
0.0000e+00
0.0000e+00
0.0000e+00
0.0000e+00
0.0000e+00
0.0000e+00
0.0000e+00
0.0000e+00
0.0000e+00
0.0000e+00
0.0000e+00
0.0000e+00
2.1218e-01
5.9570e-01
7.0044e-01
0.0000e+00
0.0000e+00
3.8050e-01
9.3433e-01
1.7383e+00
2.1216e+00
1.6896e+00
3.9326e-01
0.0000e+00
0.0000e+00
0.0000e+00
0.0000e+00
0.0000e+00
0.0000e+00
0.0000e+00
0.0000e+00
0.0000e+00
0.0000e+00
0.0000e+00
0.0000e+00
0.0000e+00
0.0000e+00
0.0000e+00
0.0000e+00
0.0000e+00
2.8024e-01
7.3620e-01
7.5900e-01
0.0000e+00
0.0000e+00
0.0000e+00
0.0000e+00
5.6037e-01
1.2295e+00
1.1813e+00
2.9128e-01
0.0000e+00
0.0000e+00
0.0000e+00
0.0000e+00
0.0000e+00
0.0000e+00
0.0000e+00
0.0000e+00
0.0000e+00
0.0000e+00
0.0000e+00
0.0000e+00
0.0000e+00
0.0000e+00
0.0000e+00
0.0000e+00
0.0000e+00
2.8799e-01
7.9754e-01
8.1742e-01
0.0000e+00
0.0000e+00
0.0000e+00
0.0000e+00
1.8822e-02
6.9270e-01
8.9875e-01
2.0639e-01
0.0000e+00
0.0000e+00
0.0000e+00
0.0000e+00
0.0000e+00
0.0000e+00
0.0000e+00
0.0000e+00
0.0000e+00
0.0000e+00
0.0000e+00
0.0000e+00
0.0000e+00
0.0000e+00
0.0000e+00
0.0000e+00
0.0000e+00
2.8050e-01
8.7648e-01
1.1431e+00
4.1605e-01
0.0000e+00
0.0000e+00
0.0000e+00
0.0000e+00
6.3594e-01
8.7091e-01
2.8921e-01
0.0000e+00
0.0000e+00
0.0000e+00
0.0000e+00
0.0000e+00
0.0000e+00
0.0000e+00
0.0000e+00
0.0000e+00
0.0000e+00
0.0000e+00
0.0000e+00
0.0000e+00
0.0000e+00
0.0000e+00
0.0000e+00
0.0000e+00
2.5773e-01
9.5561e-01
1.5471e+00
1.1472e+00
5.0922e-01
1.6386e-02
0.0000e+00
0.0000e+00
6.3575e-01
8.6873e-01
3.1162e-01
0.0000e+00
0.0000e+00
0.0000e+00
0.0000e+00
0.0000e+00
0.0000e+00
0.0000e+00
0.0000e+00
0.0000e+00
0.0000e+00
0.0000e+00
0.0000e+00
0.0000e+00
0.0000e+00
0.0000e+00
0.0000e+00
0.0000e+00
1.3446e-01
6.6332e-01
1.3358e+00
1.2118e+00
8.2782e-01
3.9648e-01
0.0000e+00
0.0000e+00
6.3556e-01
8.6805e-01
3.1046e-01
0.0000e+00
0.0000e+00
0.0000e+00
0.0000e+00
0.0000e+00
0.0000e+00
0.0000e+00
0.0000e+00
0.0000e+00
0.0000e+00
0.0000e+00
0.0000e+00
0.0000e+00
0.0000e+00
0.0000e+00
0.0000e+00
0.0000e+00
2.1868e-02
2.1473e-01
5.9567e-01
6.2444e-01
4.0429e-01
3.2342e-01
1.2383e-01
7.4012e-03
6.3676e-01
8.7076e-01
3.1451e-01
0.0000e+00
0.0000e+00
0.0000e+00
0.0000e+00
0.0000e+00
0.0000e+00
0.0000e+00
0.0000e+00
0.0000e+00
0.0000e+00
0.0000e+00
0.0000e+00
0.0000e+00
0.0000e+00
0.0000e+00
0.0000e+00
0.0000e+00
0.0000e+00
1.0643e-02
9.1198e-02
1.7467e-01
2.3533e-02
6.5089e-02
7.8575e-02
4.4947e-03
6.3696e-01
8.7226e-01
3.1676e-01
0.0000e+00
0.0000e+00
0.0000e+00
0.0000e+00
0.0000e+00
0.0000e+00
0.0000e+00
0.0000e+00
0.0000e+00
0.0000e+00
0.0000e+00
0.0000e+00
0.0000e+00
0.0000e+00
0.0000e+00
0.0000e+00
0.0000e+00
0.0000e+00
0.0000e+00
0.0000e+00
0.0000e+00
0.0000e+00
0.0000e+00
0.0000e+00
0.0000e+00
6.3594e-01
8.7091e-01
3.1491e-01
0.0000e+00
0.0000e+00
0.0000e+00
0.0000e+00
0.0000e+00
0.0000e+00
0.0000e+00
0.0000e+00
0.0000e+00
0.0000e+00
0.0000e+00
0.0000e+00
0.0000e+00
0.0000e+00
0.0000e+00
0.0000e+00
0.0000e+00
0.0000e+00
0.0000e+00
0.0000e+00
0.0000e+00
0.0000e+00
0.0000e+00
0.0000e+00
0.0000e+00
6.3575e-01
8.6873e-01
3.1828e-01
0.0000e+00
0.0000e+00
0.0000e+00
0.0000e+00
0.0000e+00
0.0000e+00
0.0000e+00
0.0000e+00
0.0000e+00
0.0000e+00
0.0000e+00
0.0000e+00
0.0000e+00
0.0000e+00
0.0000e+00
0.0000e+00
0.0000e+00
0.0000e+00
0.0000e+00
0.0000e+00
0.0000e+00
0.0000e+00
0.0000e+00
0.0000e+00
0.0000e+00
6.3556e-01
8.6805e-01
3.1668e-01
0.0000e+00
0.0000e+00
0.0000e+00
0.0000e+00
0.0000e+00
0.0000e+00
0.0000e+00
0.0000e+00
0.0000e+00
0.0000e+00
0.0000e+00
0.0000e+00
0.0000e+00
0.0000e+00
0.0000e+00
0.0000e+00
0.0000e+00
0.0000e+00
0.0000e+00
0.0000e+00
0.0000e+00
0.0000e+00
0.0000e+00
0.0000e+00
0.0000e+00
6.3676e-01
8.7076e-01
3.8635e-01
0.0000e+00
0.0000e+00
0.0000e+00
0.0000e+00
0.0000e+00
0.0000e+00
0.0000e+00
0.0000e+00
0.0000e+00
0.0000e+00
0.0000e+00
0.0000e+00
0.0000e+00
0.0000e+00
0.0000e+00
0.0000e+00
0.0000e+00
0.0000e+00
0.0000e+00
0.0000e+00
0.0000e+00
0.0000e+00
0.0000e+00
0.0000e+00
0.0000e+00
6.3696e-01
8.7226e-01
5.1784e-01
0.0000e+00
0.0000e+00
0.0000e+00
0.0000e+00
0.0000e+00
0.0000e+00
0.0000e+00
0.0000e+00
0.0000e+00
0.0000e+00
0.0000e+00
0.0000e+00
0.0000e+00
0.0000e+00
0.0000e+00
0.0000e+00
0.0000e+00
0.0000e+00
0.0000e+00
0.0000e+00
0.0000e+00
0.0000e+00
0.0000e+00
0.0000e+00
0.0000e+00
6.1609e-01
1.0176e+00
8.5128e-01
0.0000e+00
0.0000e+00
0.0000e+00
0.0000e+00
0.0000e+00
0.0000e+00
0.0000e+00
0.0000e+00
0.0000e+00
0.0000e+00
0.0000e+00
0.0000e+00
0.0000e+00
0.0000e+00
0.0000e+00
0.0000e+00
0.0000e+00
0.0000e+00
0.0000e+00
0.0000e+00
0.0000e+00
0.0000e+00
0.0000e+00
0.0000e+00
0.0000e+00
6.2580e-01
1.2757e+00
1.5010e+00
8.5984e-01
1.0810e-01
0.0000e+00
0.0000e+00
0.0000e+00
0.0000e+00
0.0000e+00
0.0000e+00
0.0000e+00
0.0000e+00
0.0000e+00
0.0000e+00
0.0000e+00
0.0000e+00
0.0000e+00
0.0000e+00
0.0000e+00
0.0000e+00
0.0000e+00
0.0000e+00
0.0000e+00
0.0000e+00
0.0000e+00
0.0000e+00
0.0000e+00
4.2339e-01
1.2785e+00
1.6804e+00
1.4747e+00
8.2372e-01
1.6874e-01
0.0000e+00
0.0000e+00
0.0000e+00
0.0000e+00
0.0000e+00
0.0000e+00
0.0000e+00
0.0000e+00
0.0000e+00
0.0000e+00
0.0000e+00
0.0000e+00
0.0000e+00
0.0000e+00
0.0000e+00
0.0000e+00
0.0000e+00
0.0000e+00
0.0000e+00
0.0000e+00
0.0000e+00
0.0000e+00
1.2840e-01
7.0186e-01
9.8064e-01
9.7543e-01
6.0733e-01
3.0624e-01
1.0523e-01
0.0000e+00
0.0000e+00
0.0000e+00
0.0000e+00
0.0000e+00
0.0000e+00
0.0000e+00
3.2144e-02
3.2144e-02
3.2144e-02
3.2144e-02
3.2144e-02
3.2144e-02
3.2144e-02
3.2144e-02
3.2144e-02
3.2144e-02
3.2144e-02
3.2144e-02
3.2144e-02
3.2144e-02
3.2144e-02
3.2144e-02
3.2144e-02
3.2144e-02
3.2144e-02
3.2144e-02
3.2144e-02
3.2144e-02
3.2144e-02
3.2144e-02
3.2144e-02
3.2144e-02
3.2144e-02
3.2144e-02
3.2144e-02
3.2144e-02
3.2144e-02
3.2144e-02
3.2144e-02
3.2144e-02
3.2144e-02
3.2144e-02
3.2144e-02
3.2144e-02
3.2144e-02
3.2144e-02
3.2144e-02
3.2144e-02
3.2144e-02
3.2144e-02
3.2144e-02
3.2144e-02
3.2144e-02
3.2144e-02
3.2144e-02
3.2144e-02
3.2144e-02
3.2144e-02
3.2144e-02
3.2144e-02
3.2144e-02
3.2144e-02
3.2144e-02
3.2144e-02
3.2144e-02
3.2144e-02
3.2144e-02
3.2144e-02
3.2144e-02
3.2144e-02
3.2144e-02
3.2144e-02
3.2144e-02
3.2144e-02
3.2144e-02
3.2144e-02
3.2144e-02
3.2144e-02
3.2144e-02
3.2144e-02
3.2144e-02
3.2144e-02
3.2144e-02
3.2144e-02
3.2144e-02
3.2144e-02
3.2144e-02
3.2144e-02
3.2144e-02
3.2144e-02
3.2144e-02
3.2144e-02
3.2144e-02
3.2144e-02
3.2144e-02
3.2144e-02
3.2144e-02
3.2144e-02
3.2144e-02
3.2144e-02
3.2144e-02
3.2144e-02
3.2144e-02
3.2144e-02
3.2144e-02
3.2144e-02
3.2144e-02
3.2144e-02
3.2144e-02
3.2144e-02
3.2144e-02
3.2144e-02
3.2144e-02
3.2144e-02
3.2144e-02
3.2144e-02
3.2144e-02
3.2144e-02
3.2144e-02
3.2144e-02
3.2144e-02
3.2144e-02
3.2144e-02
3.2144e-02
3.2144e-02
3.2144e-02
3.2144e-02
3.2144e-02
3.2144e-02
3.2144e-02
3.2144e-02
3.2144e-02
3.2144e-02
3.2144e-02
3.2144e-02
3.2144e-02
3.2144e-02
3.2144e-02
3.2144e-02
3.2144e-02
3.2144e-02
3.2144e-02
3.2144e-02
3.2144e-02
3.2144e-02
3.2144e-02
3.2144e-02
3.2144e-02
3.2144e-02
3.2144e-02
3.2144e-02
3.2144e-02
3.2144e-02
0.0000e+00
0.0000e+00
0.0000e+00
2.9436e-02
3.9022e-02
0.0000e+00
0.0000e+00
0.0000e+00
0.0000e+00
4.3081e-02
1.0873e-01
0.0000e+00
8.6325e-03
3.2144e-02
3.2144e-02
3.2144e-02
3.2144e-02
3.2144e-02
3.2144e-02
3.2144e-02
3.2144e-02
3.2144e-02
3.2144e-02
3.2144e-02
3.2144e-02
3.2144e-02
3.2144e-02
3.2144e-02
0.0000e+00
0.0000e+00
0.0000e+00
1.0532e-02
0.0000e+00
0.0000e+00
0.0000e+00
0.0000e+00
0.0000e+00
3.8486e-01
5.2513e-01
1.8150e-01
0.0000e+00
3.2144e-02
3.2144e-02
3.2144e-02
3.2144e-02
3.2144e-02
3.2144e-02
3.2144e-02
3.2144e-02
3.2144e-02
3.2144e-02
3.2144e-02
3.2144e-02
3.2144e-02
3.2144e-02
3.2144e-02
0.0000e+00
0.0000e+00
9.9008e-01
1.6863e+00
1.4234e+00
8.1888e-01
3.4954e-01
7.0478e-01
1.4586e+00
2.1856e+00
2.0102e+00
1.1045e+00
1.3008e-01
1.3911e-02
3.2144e-02
3.2144e-02
3.2144e-02
3.2144e-02
3.2144e-02
3.2144e-02
3.2144e-02
3.2144e-02
3.2144e-02
3.2144e-02
3.2144e-02
3.2144e-02
3.2144e-02
0.0000e+00
0.0000e+00
1.2638e+00
3.6596e+00
5.0377e+00
4.9611e+00
4.0391e+00
3.7507e+00
4.2821e+00
5.0253e+00
5.0896e+00
4.1496e+00
2.2243e+00
5.6396e-01
3.2714e-02
3.2144e-02
3.2144e-02
3.2144e-02
3.2144e-02
3.2144e-02
3.2144e-02
3.2144e-02
3.2144e-02
3.2144e-02
3.2144e-02
3.2144e-02
3.2144e-02
3.2144e-02
0.0000e+00
1.7753e-01
2.3938e+00
5.8311e+00
7.7990e+00
7.8149e+00
7.1022e+00
7.3056e+00
7.6436e+00
7.9480e+00
7.5646e+00
5.6644e+00
2.9049e+00
1.0311e+00
1.2107e-01
3.2144e-02
3.2144e-02
3.2144e-02
3.2144e-02
3.2144e-02
3.2144e-02
3.2144e-02
3.2144e-02
3.2144e-02
3.2144e-02
3.2144e-02
3.2144e-02
3.2144e-02
0.0000e+00
4.7846e-01
3.1150e+00
6.5184e+00
8.2057e+00
7.8330e+00
7.2039e+00
7.4354e+00
7.7433e+00
7.8543e+00
7.8100e+00
6.1796e+00
3.3541e+00
1.2165e+00
1.7977e-01
3.2144e-02
3.2144e-02
3.2144e-02
3.2144e-02
3.2144e-02
3.2144e-02
3.2144e-02
3.2144e-02
3.2144e-02
3.2144e-02
3.2144e-02
3.2144e-02
3.2144e-02
7.4230e-02
8.9264e-01
3.5660e+00
6.5121e+00
7.1577e+00
5.7441e+00
4.5480e+00
4.3871e+00
4.7276e+00
5.4505e+00
6.5180e+00
5.8169e+00
3.5115e+00
1.2481e+00
1.2517e-01
3.2144e-02
3.2144e-02
3.2144e-02
3.2144e-02
3.2144e-02
3.2144e-02
3.2144e-02
3.2144e-02
3.2144e-02
3.2144e-02
3.2144e-02
3.2144e-02
3.2144e-02
1.5437e-01
1.2108e+00
3.8794e+00
6.4747e+00
6.2192e+00
3.8885e+00
2.1099e+00
1.5751e+00
1.8554e+00
3.2785e+00
5.2496e+00
5.4732e+00
3.7203e+00
1.4351e+00
2.1040e-01
3.2144e-02
3.2144e-02
3.2144e-02
3.2144e-02
3.2144e-02
3.2144e-02
3.2144e-02
3.2144e-02
3.2144e-02
3.2144e-02
3.2144e-02
3.2144e-02
3.2144e-02
2.0190e-01
1.3696e+00
3.9955e+00
6.4388e+00
5.9553e+00
3.2608e+00
1.0533e+00
2.5294e-01
5.2830e-01
2.5104e+00
5.2557e+00
5.9187e+00
4.2054e+00
1.7856e+00
4.3528e-01
3.2144e-02
3.2144e-02
3.2144e-02
3.2144e-02
3.2144e-02
3.2144e-02
3.2144e-02
3.2144e-02
3.2144e-02
3.2144e-02
3.2144e-02
3.2144e-02
3.2144e-02
3.2509e-01
1.7414e+00
4.3417e+00
6.4465e+00
5.8412e+00
3.2741e+00
1.0401e+00
1.0174e-01
3.2422e-01
2.4021e+00
5.4004e+00
6.3457e+00
4.5884e+00
2.0418e+00
5.5504e-01
3.2144e-02
3.2144e-02
3.2144e-02
3.2144e-02
3.2144e-02
3.2144e-02
3.2144e-02
3.2144e-02
3.2144e-02
3.2144e-02
3.2144e-02
3.2144e-02
3.2144e-02
3.4048e-01
1.7473e+00
4.2234e+00
5.9907e+00
5.1661e+00
2.9021e+00
1.0359e+00
1.0259e-01
3.2252e-01
2.3965e+00
5.4253e+00
6.5486e+00
4.7904e+00
2.0676e+00
4.8908e-01
3.2144e-02
3.2144e-02
3.2144e-02
3.2144e-02
3.2144e-02
3.2144e-02
3.2144e-02
3.2144e-02
3.2144e-02
3.2144e-02
3.2144e-02
3.2144e-02
3.2144e-02
1.9067e-01
1.1020e+00
2.9391e+00
4.1592e+00
3.3999e+00
1.7840e+00
6.6935e-01
7.5635e-02
3.2322e-01
2.3992e+00
5.4288e+00
6.5510e+00
4.7925e+00
2.0686e+00
4.8908e-01
3.2144e-02
3.2144e-02
3.2144e-02
3.2144e-02
3.2144e-02
3.2144e-02
3.2144e-02
3.2144e-02
3.2144e-02
3.2144e-02
3.2144e-02
3.2144e-02
3.2144e-02
6.0587e-02
3.6464e-01
1.2365e+00
1.9715e+00
1.4231e+00
5.2234e-01
1.0759e-01
3.4623e-02
3.2525e-01
2.4041e+00
5.4347e+00
6.5560e+00
4.7962e+00
2.0704e+00
4.8908e-01
3.2144e-02
3.2144e-02
3.2144e-02
3.2144e-02
3.2144e-02
3.2144e-02
3.2144e-02
3.2144e-02
3.2144e-02
3.2144e-02
3.2144e-02
3.2144e-02
3.2144e-02
3.2144e-02
4.7076e-02
1.8329e-01
4.7981e-01
4.1338e-01
7.1319e-02
0.0000e+00
2.3045e-02
3.2538e-01
2.4050e+00
5.4347e+00
6.5548e+00
4.7949e+00
2.0696e+00
4.8908e-01
3.2144e-02
3.2144e-02
3.2144e-02
3.2144e-02
3.2144e-02
3.2144e-02
3.2144e-02
3.2144e-02
3.2144e-02
3.2144e-02
3.2144e-02
3.2144e-02
3.2144e-02
3.2144e-02
3.2144e-02
3.2144e-02
3.2144e-02
3.2144e-02
3.2144e-02
3.2144e-02
3.2144e-02
3.2422e-01
2.4021e+00
5.4313e+00
6.5505e+00
4.7900e+00
2.0673e+00
4.8908e-01
3.2144e-02
3.2144e-02
3.2144e-02
3.2144e-02
3.2144e-02
3.2144e-02
3.2144e-02
3.2144e-02
3.2144e-02
3.2144e-02
3.2144e-02
3.2144e-02
3.2144e-02
3.2144e-02
3.2144e-02
3.2144e-02
3.2144e-02
3.2144e-02
3.2144e-02
3.2144e-02
3.2144e-02
3.2252e-01
2.3965e+00
5.3420e+00
6.4522e+00
4.8055e+00
2.0944e+00
4.5933e-01
3.2144e-02
3.2144e-02
3.2144e-02
3.2144e-02
3.2144e-02
3.2144e-02
3.2144e-02
3.2144e-02
3.2144e-02
3.2144e-02
3.2144e-02
3.2144e-02
3.2144e-02
3.2144e-02
3.2144e-02
3.2144e-02
3.2144e-02
3.2144e-02
3.2144e-02
3.2144e-02
3.2144e-02
3.2322e-01
2.3992e+00
5.2476e+00
6.4212e+00
4.9200e+00
2.2040e+00
4.7251e-01
3.2144e-02
3.2144e-02
3.2144e-02
3.2144e-02
3.2144e-02
3.2144e-02
3.2144e-02
3.2144e-02
3.2144e-02
3.2144e-02
3.2144e-02
3.2144e-02
3.2144e-02
3.2144e-02
3.2144e-02
3.2144e-02
3.2144e-02
3.2144e-02
3.2144e-02
3.2144e-02
3.2144e-02
3.2525e-01
2.4041e+00
5.3114e+00
6.6590e+00
5.2862e+00
2.4810e+00
6.3656e-01
3.2144e-02
3.2144e-02
3.2144e-02
3.2144e-02
3.2144e-02
3.2144e-02
3.2144e-02
3.2144e-02
3.2144e-02
3.2144e-02
3.2144e-02
3.2144e-02
3.2144e-02
3.2144e-02
3.2144e-02
3.2144e-02
3.2144e-02
3.2144e-02
3.2144e-02
3.2144e-02
3.2144e-02
3.2538e-01
2.4050e+00
5.4644e+00
7.0584e+00
5.7318e+00
2.8084e+00
8.2914e-01
3.2144e-02
3.2144e-02
3.2144e-02
3.2144e-02
3.2144e-02
3.2144e-02
3.2144e-02
3.2144e-02
3.2144e-02
3.2144e-02
3.2144e-02
3.2144e-02
3.2144e-02
3.2144e-02
3.2144e-02
3.2144e-02
3.2144e-02
3.2144e-02
3.2144e-02
3.2144e-02
3.2144e-02
5.7294e-01
2.7367e+00
5.6759e+00
7.4255e+00
6.0925e+00
2.9281e+00
8.9029e-01
3.2144e-02
3.2144e-02
3.2144e-02
3.2144e-02
3.2144e-02
3.2144e-02
3.2144e-02
3.2144e-02
3.2144e-02
3.2144e-02
3.2144e-02
3.2144e-02
3.2144e-02
3.2144e-02
3.2144e-02
3.2144e-02
3.2144e-02
3.2144e-02
3.2144e-02
3.2144e-02
3.2144e-02
7.5526e-01
3.0217e+00
5.9663e+00
7.3329e+00
5.7850e+00
2.8280e+00
8.8839e-01
3.2144e-02
3.2144e-02
3.2144e-02
3.2144e-02
3.2144e-02
3.2144e-02
3.2144e-02
3.2144e-02
3.2144e-02
3.2144e-02
3.2144e-02
3.2144e-02
3.2144e-02
3.2144e-02
3.2144e-02
3.2144e-02
3.2144e-02
3.2144e-02
3.2144e-02
3.2144e-02
3.2144e-02
5.3001e-01
2.4626e+00
4.7676e+00
5.7214e+00
4.2210e+00
2.0903e+00
5.9940e-01
3.2144e-02
3.2144e-02
3.2144e-02
3.2144e-02
3.2144e-02
3.2144e-02
3.2144e-02
3.2144e-02
3.2144e-02
3.2144e-02
3.2144e-02
3.2144e-02
3.2144e-02
3.2144e-02
3.2144e-02
3.2144e-02
3.2144e-02
3.2144e-02
3.2144e-02
3.2144e-02
3.2144e-02
1.8562e-01
1.1892e+00
2.5793e+00
2.9457e+00
1.8648e+00
7.2521e-01
9.2561e-02
3.2144e-02
3.2144e-02
3.2144e-02
3.2144e-02
3.2144e-02
3.2144e-02
3.2144e-02