0.0000e+00
3.8351e-01
8.2958e-01
5.5273e-01
2.0386e-01
8.2890e-01
2.8031e+00
4.5588e+00
1.5103e+00
2.8876e-01
5.8484e-01
0.0000e+00
0.0000e+00
0.0000e+00
6.4044e-02
4.4666e-01
5.4385e-01
1.9512e-03
0.0000e+00
1.1717e-01
2.0756e-03
0.0000e+00
0.0000e+00
0.0000e+00
0.0000e+00
1.3867e+00
0.0000e+00
0.0000e+00
2.1927e-01
8.7914e-01
2.2434e+00
6.4262e-01
1.8968e+00
0.0000e+00
1.0684e+00
1.6257e+00
7.0489e-01
2.6269e+00
0.0000e+00
5.0106e-01
6.6932e-01
1.4800e+00
1.5395e+00
0.0000e+00
4.4901e-01
4.3939e-01
8.6825e-01
2.1020e+00
1.3590e-01
5.1486e-01
2.6397e+00
3.4601e+00
1.5316e+00
0.0000e+00
2.9624e-01
1.3343e+00
3.1395e-02
1.9127e+00
2.8081e+00
1.4839e+00
1.3817e-01
1.4047e-01
1.0234e+00
0.0000e+00
1.0244e+00
2.6964e-01
0.0000e+00
2.6904e-01
0.0000e+00
8.7909e-01
5.0121e-01
4.4605e-01
5.2348e-01
0.0000e+00
1.1849e+00
0.0000e+00
1.1739e+00
2.2227e+00
2.2349e+00
0.0000e+00
0.0000e+00
0.0000e+00
0.0000e+00
3.5537e+00
1.4875e-01
0.0000e+00
1.0482e+00
1.8041e-01
3.5037e+00
8.9613e-01
3.9266e-01
0.0000e+00
0.0000e+00
2.6517e+00
1.0344e+00
7.2957e-02
0.0000e+00
0.0000e+00
2.9571e+00
1.5830e+00
1.2389e+00
7.1319e-01
0.0000e+00
0.0000e+00
1.0272e-01
1.0229e+00
2.0862e+00
6.6780e+00
1.5330e+00
0.0000e+00
1.8458e-01
1.2620e+00
0.0000e+00
3.9656e-01
0.0000e+00
0.0000e+00
1.7479e-01
5.7862e-01
1.2296e-01
0.0000e+00
4.4798e-02
1.0287e-02
1.0014e+00
1.2582e+00
0.0000e+00
0.0000e+00
6.9072e-01
3.8079e-01
1.6387e-01
1.3024e-01
2.3592e+00
1.3429e+00
2.4051e-01
0.0000e+00
1.9664e+00
4.1512e+00
0.0000e+00
4.3383e+00
0.0000e+00
2.0785e+00
2.1240e+00
0.0000e+00
6.1031e+00
0.0000e+00
2.1820e+00
2.5019e-01
0.0000e+00
4.6706e+00
0.0000e+00
1.6678e+00
1.5540e+00
3.1944e+00
3.6030e+00
2.1340e+00
9.1750e-01
3.5288e-01
1.3272e+00
3.7303e+00
4.4091e+00
2.0272e+00
0.0000e+00
0.0000e+00
0.0000e+00
0.0000e+00
1.3661e+00
2.0740e-02
0.0000e+00
0.0000e+00
0.0000e+00
1.0066e+00
6.4760e-01
1.7075e-01
0.0000e+00
0.0000e+00
1.6475e+00
1.1873e+00
2.8416e+00
3.0601e+00
4.1148e-01
7.1557e-02
2.3374e+00
1.2930e+00
8.5663e-01
8.0229e-01
8.1842e-01
2.6778e-03
0.0000e+00
5.7952e-01
2.8704e-01
1.3014e+00
0.0000e+00
0.0000e+00
4.9334e-01
0.0000e+00
1.4260e+00
0.0000e+00
0.0000e+00
0.0000e+00
0.0000e+00
1.4081e+00
7.7592e-03
5.1296e-01
2.9307e+00
3.8547e+00
1.4663e+00
0.0000e+00
0.0000e+00
0.0000e+00
0.0000e+00
1.1047e-01
0.0000e+00
0.0000e+00
2.7210e-01
1.7185e+00
0.0000e+00
3.0722e-01
2.3404e+00
0.0000e+00
8.1671e-01
0.0000e+00
6.7250e-01
7.2925e-01
0.0000e+00
5.0801e-01
6.3588e-02
0.0000e+00
2.7124e-01
0.0000e+00
7.7348e-01
0.0000e+00
0.0000e+00
2.7053e+00
0.0000e+00
1.4136e+00
0.0000e+00
0.0000e+00
3.2337e+00
0.0000e+00
3.1200e+00
0.0000e+00
0.0000e+00
6.1649e-01
0.0000e+00
4.6995e+00
0.0000e+00
0.0000e+00
0.0000e+00
0.0000e+00
4.4588e+00
0.0000e+00
2.6405e+00
1.5806e+00
8.6125e-01
0.0000e+00
1.3302e+00
0.0000e+00
0.0000e+00
0.0000e+00
0.0000e+00
2.7937e+00
0.0000e+00
0.0000e+00
2.1660e+00
0.0000e+00
4.1884e+00
1.6746e+00
2.1937e-01
1.7624e+00
0.0000e+00
4.5528e+00
7.3121e-01
4.5408e-01
3.5123e-01
0.0000e+00
4.1407e+00
1.9097e+00
5.1508e+00
6.6213e+00
4.1343e+00
9.2843e-01
4.3820e-01
0.0000e+00
0.0000e+00
0.0000e+00
0.0000e+00
0.0000e+00
0.0000e+00
0.0000e+00
0.0000e+00
0.0000e+00
3.3891e-01
0.0000e+00
0.0000e+00
0.0000e+00
0.0000e+00
2.4226e-01
5.7726e-02
1.4196e-01
0.0000e+00
0.0000e+00
5.4861e-01
0.0000e+00
0.0000e+00
0.0000e+00
0.0000e+00
0.0000e+00
5.5735e-01
2.6262e+00
2.2889e+00
7.6975e-02
1.1661e-01
1.3889e+00
0.0000e+00
0.0000e+00
0.0000e+00
2.9820e-01
1.1976e-01
0.0000e+00
0.0000e+00
0.0000e+00
3.3438e-03
0.0000e+00
0.0000e+00
2.2692e-01
3.7360e-01
1.1236e+00
2.3234e+00
6.5888e-01
0.0000e+00
0.0000e+00
1.8474e+00
3.2577e+00
1.2563e+00
2.3740e-01
0.0000e+00
0.0000e+00
6.3047e-01
2.3716e+00
2.6195e+00
0.0000e+00
0.0000e+00
1.2231e+00
1.8820e+00
3.0829e+00
0.0000e+00
0.0000e+00
1.8405e-02
2.0604e+00
2.9285e+00
0.0000e+00
7.5138e-01
1.2253e+00
1.9181e-01
0.0000e+00
0.0000e+00
1.2696e-01
0.0000e+00
6.2184e-02
7.0834e-01
1.8013e-01
0.0000e+00
0.0000e+00
3.0883e+00
7.6242e-01
1.2456e+00
4.1262e-01
6.3648e-01
2.3202e+00
0.0000e+00
1.6857e+00
7.8769e-02
7.3148e-02
2.0072e-01
0.0000e+00
1.4795e+00
1.4952e-01
0.0000e+00
1.5269e-01
7.4249e-01
3.8321e-01
3.8843e-01
2.0389e+00
4.0258e+00
1.6697e+00
1.6822e-01
2.1898e-01
8.0895e-01
0.0000e+00
0.0000e+00
3.9575e-02
1.3587e-01
0.0000e+00
2.9008e-02
0.0000e+00
0.0000e+00
0.0000e+00
0.0000e+00
4.0820e-02
5.5291e-01
2.5693e-01